999
892 990 3
1272 1362 3
594 597 9
417 501 1
797 838 5
1252 1304 9
784 873 5
1240 1272 5
976 1005 10
1211 1310 2
205 288 5
883 972 9
770 849 7
388 405 10
886 975 9
758 831 7
725 785 6
436 488 3
753 817 1
397 492 8
840 846 7
263 304 1
941 954 10
392 460 2
457 480 7
213 296 10
1051 1138 4
890 931 1
1100 1158 5
1090 1183 3
267 357 7
802 876 6
373 376 6
1084 1180 9
1014 1054 2
428 452 3
1273 1317 3
464 479 5
723 765 10
382 463 10
338 368 10
20 21 1
924 966 2
153 237 4
598 681 9
165 212 10
113 158 3
314 346 10
753 794 8
37 60 4
908 932 10
715 727 6
1115 1156 2
1213 1234 10
1333 1387 3
203 289 9
467 504 7
893 907 10
816 897 10
1207 1268 7
184 275 7
1140 1205 7
295 380 7
236 240 3
454 512 6
773 872 4
664 688 2
173 241 7
827 924 4
682 707 10
264 353 7
1287 1332 7
686 725 7
712 717 8
958 984 8
452 498 7
256 269 3
765 793 7
752 756 6
38 77 10
1376 1391 10
371 397 4
872 890 7
254 342 4
709 739 2
203 259 7
492 591 8
1033 1051 3
884 975 9
305 360 10
657 708 1
608 703 8
1236 1286 10
907 975 3
114 165 3
589 624 7
256 276 2
263 278 5
878 910 5
408 432 10
458 536 1
1394 1427 2
1008 1023 8
499 547 8
210 230 2
182 253 10
1397 1408 1
577 603 1
425 468 2
183 268 4
1226 1228 3
601 604 1
738 788 3
1186 1239 2
692 741 9
966 1020 6
265 353 6
1033 1038 2
1156 1239 7
3 56 4
1328 1389 8
799 810 1
1054 1114 5
1356 1405 7
1171 1203 1
1389 1433 7
510 547 3
792 871 1
317 414 9
703 727 6
1181 1214 7
418 490 3
950 991 4
359 422 1
1069 1108 3
569 647 3
289 333 1
130 208 9
1366 1439 3
811 879 10
1396 1419 3
1114 1162 7
366 466 8
1266 1276 6
524 594 5
1257 1272 3
213 279 6
173 265 6
309 367 1
461 540 9
295 353 2
547 577 3
796 815 4
662 683 2
1397 1405 5
307 316 5
389 422 7
297 331 5
632 654 7
1223 1301 1
104 133 8
623 670 3
542 618 3
1095 1102 8
923 962 10
407 489 4
777 804 4
1289 1356 5
560 660 3
234 236 5
647 681 6
1091 1139 3
201 272 7
146 222 5
273 302 10
1310 1351 10
748 817 7
507 554 6
569 645 2
198 270 5
1133 1144 1
882 905 2
933 975 5
674 730 4
685 697 5
995 1028 10
243 307 10
642 697 6
271 369 2
766 785 6
1057 1139 2
1387 1427 6
729 771 4
1303 1386 4
732 813 2
497 579 9
453 531 7
845 944 5
610 638 3
896 924 1
502 520 8
844 915 6
55 124 7
1172 1216 8
288 304 5
1051 1094 10
890 978 10
1384 1385 2
1071 1115 10
991 994 3
628 687 9
555 616 9
1347 1395 6
1247 1301 4
614 702 8
879 976 10
1196 1279 8
1050 1079 9
1157 1225 2
151 173 10
1143 1180 8
152 234 10
378 447 2
1055 1147 6
1283 1299 4
144 226 10
972 1011 8
1364 1437 7
1286 1319 7
739 776 9
1190 1279 7
567 584 7
1093 1114 7
855 906 6
1091 1112 8
864 877 1
1146 1236 10
406 486 9
783 851 8
22 110 3
1030 1097 7
1034 1121 5
668 669 6
640 677 8
13 79 4
1368 1410 4
754 833 8
641 735 7
636 713 1
995 1064 9
993 995 4
1036 1122 8
755 845 9
1193 1216 7
845 940 6
1271 1315 10
256 341 4
101 118 1
565 627 8
756 823 5
1199 1215 6
1266 1354 6
461 514 3
938 964 4
1386 1425 9
558 605 4
1066 1137 5
934 958 1
79 100 10
1288 1293 10
1124 1201 8
496 519 9
511 597 10
226 238 9
126 130 3
230 256 1
134 208 7
743 805 2
460 538 7
651 694 5
274 279 1
5 89 10
690 735 2
55 154 4
940 971 6
1303 1310 6
91 166 4
169 269 10
796 869 9
1243 1278 2
350 402 7
100 104 9
2 8 5
281 316 3
76 89 5
1149 1182 6
191 227 6
1209 1298 9
1336 1375 1
1032 1050 5
306 349 4
737 796 9
643 676 8
747 827 1
369 393 1
1260 1316 2
157 213 7
663 749 6
1279 1357 6
118 120 10
655 701 6
725 823 7
1298 1394 7
341 436 9
539 627 4
181 253 7
1253 1261 5
511 559 2
539 544 4
813 865 8
132 178 7
1000 1077 2
904 920 8
748 796 7
377 420 5
371 411 2
1158 1196 3
632 696 6
991 1091 6
974 988 8
1037 1080 5
474 567 7
1375 1393 7
323 421 2
615 654 7
401 496 8
193 219 4
271 278 6
620 627 8
232 294 10
884 926 6
301 397 7
531 581 8
244 299 4
303 315 3
213 291 8
5 98 8
609 670 8
54 154 8
960 1014 1
614 690 1
222 230 5
815 901 10
684 685 2
5 20 3
165 188 1
429 505 8
191 195 9
494 581 10
711 770 8
1091 1176 6
410 431 4
533 609 3
671 687 1
512 583 10
1285 1365 9
1197 1207 5
46 135 7
33 108 9
566 631 8
1173 1271 7
50 148 4
43 90 3
193 243 5
1100 1118 1
231 247 2
258 333 7
1325 1330 6
107 169 2
993 1034 2
955 1012 3
1210 1229 3
1357 1405 6
861 903 1
958 1035 2
574 628 7
1276 1281 10
586 651 10
679 749 2
790 829 4
642 708 1
1284 1318 2
276 299 9
311 382 5
209 235 1
19 88 7
927 942 6
147 219 6
230 239 2
281 317 10
280 320 8
731 778 8
1057 1147 10
472 484 5
1328 1400 2
803 825 10
1116 1123 9
43 113 6
951 1011 7
420 445 3
916 917 5
1150 1175 6
1145 1156 2
853 876 1
443 489 7
279 314 10
280 351 8
284 321 6
1339 1364 3
873 970 3
78 116 5
1338 1437 6
667 751 9
889 931 10
376 397 6
814 891 8
681 759 4
320 337 9
540 617 10
981 1015 5
913 1004 7
1020 1040 3
801 854 9
649 652 8
764 834 10
104 165 2
1071 1161 8
1337 1414 4
688 735 4
1326 1333 2
1104 1136 4
806 839 3
570 572 4
262 320 9
994 1054 3
877 961 1
313 404 6
763 862 3
1068 1140 2
681 754 7
176 208 3
1394 1410 4
606 640 6
1321 1407 5
302 311 3
245 339 10
524 601 10
12 52 10
889 985 7
1059 1064 9
1385 1417 9
892 951 10
325 421 5
1065 1129 10
308 345 4
54 68 8
116 212 4
1099 1109 1
686 749 2
566 608 6
787 800 6
151 155 10
461 512 3
612 657 6
1376 1377 4
163 249 10
293 350 8
1314 1367 7
1300 1374 5
125 192 2
520 589 3
772 800 9
170 206 7
574 577 4
641 664 9
688 738 2
495 560 7
416 429 10
775 791 8
632 702 8
664 730 5
1009 1039 3
709 761 3
388 464 9
1028 1092 1
617 687 9
1369 1387 4
1337 1421 4
152 202 2
1383 1426 7
1314 1384 7
413 448 6
1162 1228 2
532 555 8
170 196 10
874 905 10
345 358 2
1114 1168 10
115 156 5
523 573 8
225 259 8
353 369 4
774 820 5
413 427 10
230 315 2
466 539 6
1161 1167 2
755 823 2
990 1011 8
233 318 1
1379 1414 2
1043 1055 9
96 178 7
89 157 4
740 761 9
301 396 8
623 672 6
154 229 2
1389 1429 6
859 887 10
97 104 7
233 299 6
976 1012 10
400 431 2
1373 1421 5
1125 1153 8
558 654 9
340 361 6
289 389 7
142 154 5
576 618 10
817 916 3
1008 1050 9
890 945 6
832 911 8
574 626 7
43 87 8
315 401 4
982 1036 6
986 988 2
429 445 6
1251 1334 10
128 134 10
645 693 6
687 773 9
830 890 4
534 569 10
1126 1127 10
918 961 9
39 81 1
553 598 8
921 1016 6
693 757 7
1007 1073 2
1299 1329 5
244 309 8
945 1022 6
1231 1306 4
68 74 7
394 407 6
732 813 5
1243 1304 2
1032 1088 4
809 909 7
229 237 10
237 274 7
62 132 5
1339 1421 2
456 556 6
450 476 6
1283 1365 10
17 56 1
977 1034 2
1043 1049 9
341 342 7
1246 1248 5
759 843 9
319 386 5
1301 1369 1
670 738 3
1041 1054 4
919 948 8
190 242 6
849 859 1
445 456 8
84 151 9
1031 1114 4
1121 1218 8
1167 1214 3
757 776 7
969 1063 10
229 323 9
324 328 8
1045 1110 1
1213 1242 2
677 750 7
163 182 2
1272 1371 6
750 840 5
980 1055 10
1198 1213 5
907 957 1
308 350 6
442 473 3
1008 1018 4
1350 1404 2
116 118 8
171 261 2
30 83 5
391 436 2
148 165 9
841 908 9
894 925 4
603 632 8
487 551 8
884 978 2
996 1059 6
660 683 7
470 533 4
443 458 6
1191 1214 1
570 655 10
721 785 2
1271 1277 10
880 970 2
1181 1268 6
488 533 1
1094 1175 5
390 422 7
851 855 1
1109 1182 6
1243 1329 2
975 1001 9
21 98 8
1210 1276 7
833 888 9
53 101 6
1244 1313 1
273 282 3
281 355 9
322 342 4
753 768 2
298 312 9
967 1038 5
1150 1248 1
1012 1078 3
875 924 1
1282 1317 2
784 829 3
76 155 6
552 610 9
1192 1262 7
7 69 7
628 665 6
780 848 6
885 921 2
809 853 3
1341 1376 9
1212 1224 1
156 180 1
279 300 8
1170 1258 10
936 1020 8
321 391 10
836 882 1
30 94 8
1009 1085 4
1350 1411 6
176 252 2
1070 1135 4
837 924 3
950 960 2
297 307 5
861 948 9
1142 1148 10
1026 1083 3
441 531 1
622 679 4
7 77 1
4 83 6
693 762 3
1213 1304 10
282 376 8
1160 1251 5
612 617 7
84 129 4
476 504 6
1220 1249 6
637 640 8
13 72 2
1161 1177 3
156 182 8
717 725 7
372 460 1
310 347 5
1003 1034 1
517 564 5
841 898 1
1292 1327 3
1029 1051 6
1375 1412 5
1306 1371 8
1211 1278 1
384 425 8
1340 1362 7
812 874 9
905 975 6
246 312 2
828 912 9
1045 1071 1
1197 1266 7
207 272 4
667 683 1
494 504 2
850 913 2
79 99 9
756 854 6
115 190 1
538 568 10
53 124 10
1056 1156 2
952 971 1
325 364 8
182 264 9
765 829 10
1287 1358 5
1326 1415 7
447 542 5
433 508 4
387 486 1
1213 1215 4
54 102 9
1294 1310 2
488 489 8
315 319 4
361 373 2
858 922 9
1386 1431 5
231 275 4
257 306 10
1 11 7
1094 1177 5
989 1009 9
1399 1438 10
906 984 6
58 117 9
2 71 5
167 188 2
99 148 6
502 515 10
887 984 9
1170 1211 4
1060 1103 9
9 109 1
1198 1266 10
637 677 3
838 880 6
1032 1040 2
985 1035 10
567 569 7
222 283 8
1372 1435 6
315 414 4
801 881 9
319 335 1
958 998 2
1007 1085 9
421 461 6
630 694 1
1394 1398 4
1156 1254 6
739 763 4
1123 1161 3
1340 1350 8
1058 1153 6
457 548 9
1309 1362 4
609 670 2
459 546 8
1333 1350 3
257 345 2
236 292 6
994 1065 9
1055 1098 5
968 1061 1
572 658 1
906 911 8
1028 1053 7
179 192 10
364 395 9
490 508 1
611 683 1
1100 1141 9
1379 1398 5
756 773 1
313 383 6
1254 1333 6
146 210 5
543 572 2
1039 1074 1
614 690 8
322 357 1
941 995 3
66 143 6
455 509 6
349 394 9
1142 1239 1
743 786 8
714 813 5
553 643 7
995 1047 10
765 800 10
943 1019 4
464 493 1
501 544 2
100 147 5
1344 1378 7
640 726 7
617 717 5
98 102 5
363 439 9
513 564 9
77 115 4
389 448 5
179 253 6
1178 1245 4
651 655 5
977 1025 1
1024 1045 4
1002 1003 5
867 880 10
133 203 10
1295 1317 8
1072 1123 3
559 614 9
40 56 6
527 592 7
136 206 4
102 111 8
510 604 2
140 238 1
897 990 8
454 495 6
139 217 5
757 764 3
10 11 2
1029 1046 4
840 855 10
60 71 7
1257 1286 8
289 370 3
780 819 1
427 525 4
1181 1190 7
1029 1094 2
940 994 5
536 635 2
880 946 8
621 710 3
852 853 8
719 750 10
451 478 10
366 372 2
565 610 3
539 576 1
1299 1332 8
232 273 9
725 770 7
436 450 7
454 465 7
927 1006 5
145 173 10
71 106 10
362 401 5
585 625 1
1256 1319 4
1290 1369 4
733 770 6
1129 1213 2
1156 1233 7
1113 1135 4
87 162 1
407 450 5
128 168 2
1340 1383 10
869 911 4
262 331 3
429 444 5
184 218 1
1270 1351 6
1134 1199 1
3 12 3
665 684 1
1128 1208 1
1252 1260 4
157 196 9
1148 1247 3
625 700 2
1088 1114 10
280 282 5
547 637 9
169 211 10
329 377 4
440 538 1
1177 1271 3
1139 1207 3
721 729 6
1155 1215 2
268 339 3
270 293 4
175 219 9
307 312 3
133 193 1
19 88 5
1 72 7
297 352 3
760 854 8
339 405 9
199 227 4
140 233 1
1052 1059 1
1020 1051 9
1056 1098 2
1381 1404 4
738 805 3
241 321 9
794 884 2
818 889 7
167 169 5
348 367 7
1170 1235 7
402 483 5
521 608 5
815 860 6
1212 1256 2
263 264 2
558 656 10
1236 1275 7
792 823 7
463 509 3
646 718 1
1011 1048 7
140 233 8
1114 1172 10
489 492 4
441 498 7
622 672 1
1148 1196 9
397 485 10
1211 1223 4
114 146 1
257 285 9
164 186 1
1235 1335 6
701 730 2
234 280 2
1311 1383 5
767 813 8
22 50 3
165 213 3
995 1066 2
325 380 3
1238 1333 5
1083 1107 3
1204 1283 1
1340 1369 7
740 789 5
15 97 7
940 1008 5
679 739 1
765 847 5
1058 1124 8
1042 1045 3
337 406 8
581 631 10
1010 1043 10
663 700 5
91 190 3
1281 1366 4
807 879 6
57 115 6
216 262 2
446 502 6
487 547 6
137 217 5
1313 1402 3
463 483 6
1274 1357 4
200 293 5
