790
20
465 525 165
1007 1273 286
405 1013 198
732 1323 426
954 1014 386
712 787 417
927 1174 382
90 371 143
386 763 282
1046 1399 334
802 973 337
1229 1317 124
1378 1439 257
983 1238 437
708 1055 397
39 451 148
1331 1425 486
1228 1426 470
880 1319 488
130 447 448
963 1281 381
889 1263 324
1073 1433 345
308 392 410
281 528 472
678 1304 435
928 1004 294
277 1269 250
1024 1439 160
1334 1405 229
307 910 276
321 423 272
651 894 385
166 1231 133
505 1054 143
381 1090 424
615 724 332
1258 1374 405
648 942 254
605 919 358
452 1055 192
714 1257 143
334 1198 343
339 472 339
216 285 250
658 1370 491
744 1072 182
114 615 233
984 1338 137
1210 1422 427
658 846 455
1246 1403 122
1271 1394 108
305 521 317
486 844 177
551 683 239
1303 1372 204
571 1350 224
1346 1413 452
529 1063 483
854 1425 117
585 650 423
1331 1393 334
392 749 392
1331 1420 213
706 1341 158
409 561 311
782 1243 450
107 903 408
813 1312 304
103 899 300
124 246 322
618 1203 355
1098 1276 404
1225 1354 298
491 1228 337
819 1047 285
0 1378 217
239 691 188
484 1118 131
109 445 193
659 1130 251
1358 1438 249
534 646 126
50 1425 451
540 863 441
175 413 403
502 814 376
497 1020 296
775 1127 404
1058 1401 100
914 1144 203
1212 1415 187
838 1096 461
120 283 277
966 1213 398
136 577 152
840 1155 276
890 1037 366
343 814 258
1156 1340 224
522 638 419
833 1107 294
635 1166 113
855 1260 227
222 893 173
686 1423 362
395 1347 185
722 1177 266
1086 1340 305
1185 1410 311
666 789 294
352 1166 342
753 1363 170
463 1107 220
934 1340 168
1374 1440 279
1371 1435 372
901 1081 175
1059 1165 429
426 950 101
979 1402 256
567 940 201
1366 1430 129
1005 1220 367
262 738 155
349 660 375
157 1060 334
905 1233 199
1243 1411 355
94 1182 171
816 1166 450
1026 1251 454
1272 1416 123
292 1429 368
913 1322 264
199 1055 489
337 967 195
1302 1420 271
665 739 186
404 671 213
794 1171 183
655 805 334
207 654 285
861 1201 290
1056 1392 434
1009 1263 408
12 114 497
297 601 142
444 504 458
682 1109 485
1337 1399 372
441 615 195
748 816 316
410 819 332
757 953 295
183 261 132
418 1182 426
879 1032 416
197 813 380
1086 1397 224
55 909 313
516 765 470
386 616 173
1198 1414 275
836 1383 262
1060 1151 336
1207 1429 135
530 614 196
412 664 250
183 850 105
176 570 302
198 416 367
341 1169 374
254 1354 499
757 1034 387
713 1153 443
1363 1435 285
499 1151 345
813 1159 210
842 1430 314
209 1071 237
1311 1398 287
959 1420 453
662 745 276
504 1122 135
1018 1414 482
107 1217 370
312 1210 405
495 1046 198
683 875 342
806 1350 331
574 739 102
1124 1375 240
579 760 332
653 893 120
434 1369 351
969 1339 190
708 1077 366
1346 1433 204
418 629 472
897 1073 101
598 796 223
488 1167 496
90 1115 392
757 1019 373
304 810 371
794 1107 250
1114 1178 480
583 1194 421
877 1127 402
703 936 471
880 1164 161
959 1197 416
733 1115 222
437 1161 244
1302 1371 363
359 1363 392
146 636 433
459 1415 200
63 1419 119
816 1219 161
950 1421 190
739 1416 292
188 254 164
71 827 485
907 1054 111
193 1331 103
206 581 238
1011 1077 291
452 1183 477
1064 1281 333
1317 1411 404
192 310 368
1245 1400 178
736 1196 390
898 997 209
785 1213 218
66 605 248
939 1041 330
833 1298 143
1380 1440 346
42 788 483
403 1191 393
635 1084 243
7 818 484
913 1096 466
681 1239 262
308 449 177
196 718 141
1207 1390 415
817 1292 353
928 1144 489
686 1025 462
646 838 402
508 633 192
357 1069 450
1085 1212 281
894 1214 404
1055 1164 447
912 996 443
180 686 241
672 1391 408
756 925 323
168 618 185
733 1041 331
10 955 291
1327 1430 482
31 487 158
419 868 261
669 921 165
204 384 437
404 1167 103
249 1005 182
1266 1346 142
141 529 443
928 1400 120
24 771 166
1267 1423 125
228 1219 375
1353 1421 199
808 992 129
991 1203 339
28 176 267
1278 1343 109
1086 1375 170
382 1031 107
95 335 355
27 1231 179
855 1030 250
181 819 141
169 1168 471
503 614 152
578 1170 241
424 491 424
316 1360 384
1272 1388 462
1350 1416 343
1237 1367 101
1367 1435 166
243 926 139
160 937 427
500 1235 235
867 1217 120
479 906 481
1173 1237 173
1134 1339 417
1167 1391 336
796 1421 487
334 539 457
373 536 387
1092 1406 338
32 134 229
485 1406 123
250 1438 402
470 1289 172
72 1304 274
739 950 324
178 716 376
1077 1172 375
367 942 424
155 1409 216
65 1177 472
888 1320 210
896 1246 261
554 1211 478
152 538 228
414 1049 413
162 1201 182
842 1389 450
874 1142 301
37 922 139
697 1268 183
637 1077 369
116 1044 417
1142 1304 275
887 1087 391
981 1322 217
560 713 431
371 977 226
1288 1414 266
652 1144 379
669 1265 111
1059 1405 348
688 1299 152
121 368 261
843 1386 269
829 927 447
234 1301 182
1043 1119 378
815 1200 449
243 573 448
1269 1356 324
330 1131 120
1074 1364 358
783 1347 124
919 1032 322
589 751 472
388 1125 300
893 1176 381
746 1222 450
914 1309 267
1278 1350 377
418 818 476
1300 1415 320
335 915 322
170 978 104
663 892 117
751 1188 405
729 913 415
994 1386 396
488 1240 443
1152 1416 262
900 970 184
820 962 246
108 631 230
440 861 181
857 1221 154
701 1408 324
577 928 242
908 1075 267
1263 1425 217
358 849 485
670 1165 115
1177 1268 209
982 1117 343
639 1166 389
830 898 161
914 1406 494
533 1152 291
302 1212 148
395 1260 269
1351 1431 295
1291 1412 271
606 703 313
1170 1261 486
861 1432 481
307 1395 498
1031 1092 204
208 579 168
1075 1179 278
838 1333 419
174 733 185
1177 1341 242
625 1246 368
1275 1339 500
1343 1435 457
864 1410 189
817 1049 396
122 1429 369
601 1053 343
492 953 469
484 1053 174
906 1240 279
410 799 404
284 1382 113
316 402 278
1302 1403 129
1357 1433 177
453 1292 373
67 483 289
1236 1438 293
774 1184 402
1119 1181 329
1235 1433 273
205 1237 230
368 695 422
1021 1093 431
710 1032 267
746 823 224
15 1113 197
567 1144 166
400 878 492
259 853 167
1187 1398 285
1257 1426 150
667 949 416
998 1427 454
988 1071 444
982 1405 160
1142 1339 409
411 803 380
1315 1375 192
244 897 340
874 1199 119
1009 1200 358
180 260 285
1129 1359 371
278 799 441
221 655 164
132 472 263
608 756 320
344 999 157
224 438 368
458 1338 436
707 1076 363
622 957 363
1364 1427 307
14 903 205
1232 1431 227
1235 1344 429
1133 1212 153
88 863 334
605 1268 240
522 874 400
597 821 120
1357 1425 285
255 423 348
1323 1433 444
864 1062 137
835 1028 369
672 975 168
582 875 310
634 862 376
820 1385 169
1280 1427 433
145 292 197
831 1331 467
483 549 342
1125 1197 275
382 919 353
468 1009 399
1246 1430 413
911 1057 159
1297 1402 238
1339 1407 122
1281 1398 332
898 1119 162
441 1144 209
302 1072 409
765 1255 312
1133 1335 382
431 1314 149
790 1273 456
180 350 399
675 1406 477
12 706 318
1143 1323 102
693 1132 345
874 1041 141
163 1206 379
255 1021 283
152 728 181
325 1319 214
1104 1170 181
1266 1393 156
1330 1404 468
715 1233 265
176 521 326
924 995 163
762 1434 230
533 718 306
1271 1419 357
356 837 424
681 1309 239
623 1087 162
824 1025 217
580 1293 128
927 1161 353
18 304 184
793 1206 437
218 1152 177
590 1159 350
727 1228 251
944 1060 364
257 1123 329
320 959 151
570 1236 344
1375 1435 152
667 945 355
952 1416 402
212 463 183
596 1423 457
607 1378 107
505 1287 205
1113 1229 106
688 1297 394
702 1383 451
1292 1380 191
1373 1437 443
61 866 383
1005 1088 317
1296 1363 366
709 1330 218
383 834 311
466 954 261
1289 1419 142
778 1358 443
1025 1124 412
521 875 376
1079 1162 285
77 164 347
1071 1151 280
348 804 443
857 1408 107
1300 1372 480
1126 1419 378
303 965 306
556 1287 239
160 1057 280
930 1091 310
803 1048 438
1131 1407 482
1029 1241 368
1246 1384 202
746 838 400
713 788 399
247 1306 256
1294 1401 224
656 1102 226
1114 1427 418
1367 1432 394
292 890 185
815 1324 397
921 1345 168
918 1143 200
316 702 359
294 596 161
219 1274 435
240 679 368
589 1431 272
672 1411 377
120 617 141
1346 1435 259
944 1294 321
1027 1199 445
471 944 389
654 812 335
918 1363 441
1320 1438 220
285 554 422
394 1276 314
682 787 322
837 1298 468
287 858 357
565 1251 423
1277 1356 284
795 858 148
658 720 197
1322 1437 483
576 1063 413
186 1094 248
582 1432 324
1332 1428 425
639 806 497
1226 1412 357
805 980 173
76 1018 311
339 679 138
1047 1397 245
755 1004 237
40 577 199
289 1264 382
816 1379 406
672 845 488
965 1113 420
809 1090 358
732 1167 141
615 693 323
339 1133 401
561 635 444
1096 1242 208
948 1178 436
1296 1427 224
834 1381 324
859 1391 147
194 702 315
591 830 478
328 1309 265
106 1167 110
468 1321 499
886 1107 455
756 887 384
348 1351 122
52 1052 491
1323 1417 281
992 1072 120
329 1072 388
190 299 432
1301 1363 132
134 323 310
3 861 402
273 1379 328
1259 1386 187
1189 1415 456
1327 1407 424
317 784 320
220 535 160
292 1283 239
2 856 375
770 1350 330
717 1368 336
944 1198 185
1207 1269 145
1375 1438 164
221 1119 291
602 826 397
357 1069 491
63 1185 312
195 283 439
646 1225 341
1307 1408 210
1164 1364 417
123 728 494
1092 1237 409
1175 1419 197
77 828 287
328 1263 297
982 1064 178
557 1105 123
509 1306 488
638 1436 359
248 870 215
1207 1292 344
961 1238 258
155 950 126
1207 1354 101
951 1137 441
283 971 483
45 858 483
510 858 173
788 1410 442
812 1053 260
141 567 465
827 1053 413
1348 1418 465
741 1077 273
498 1313 127
159 1114 466
261 910 158
1147 1245 171
1074 1390 113
1129 1430 345
302 1051 441
367 971 358
1062 1312 136
1251 1363 204
435 1345 195
320 916 421
101 256 494
633 1295 282
53 987 459
840 934 405
1273 1426 300
775 969 256
758 1426 479
349 1250 279
565 670 310
16 276 426
1222 1424 443
99 951 184
439 788 349
1214 1413 132
1340 1432 105
280 539 415
321 1084 488
831 1248 216
863 1242 500
1380 1440 382
276 360 120
700 1099 213
512 1208 238
343 550 399
965 1224 277
500 1311 260
1337 1406 291
895 1105 435
14 203 336
797 986 448
256 767 491
759 1382 135
796 938 207
1358 1423 416
93 935 478
795 1218 233
258 1239 137
32 1167 497
1033 1147 166
1071 1252 168
541 707 195
164 278 487
484 1258 377
589 911 273
62 517 326
1258 1359 486
358 1295 379
606 1099 473
814 1185 478
1072 1256 112
270 715 105
1139 1418 105
347 539 121
956 1153 243
1245 1421 356
785 1123 297
345 1024 308
457 1312 216
917 1325 476
105 709 410
1363 1434 315
441 1231 195
904 1034 495
255 685 449
1107 1304 286
179 341 222
876 1074 377
1113 1429 323
440 896 204
493 1022 247
92 649 411
700 1384 285
576 1106 298
69 1093 458
466 601 334
1211 1363 202
369 751 124
687 1095 410
805 1188 167
1130 1390 450
548 1140 152
1174 1416 239
808 1412 377
13 1090 422
821 918 172
807 1438 433
1138 1299 346
1280 1385 275
307 1116 161
978 1233 350
683 993 494
