1762
56 118
35 82
27 108
10 94
14 20
47 72
57 73
14 58
33 89
25 41
30 111
47 59
16 86
37 72
25 47
34 14
1 81
39 107
50 36
59 112
28 108
44 29
14 71
44 88
13 32
15 3
24 1
47 70
11 95
26 98
2 39
12 80
23 36
7 110
52 22
34 93
24 55
28 39
47 67
49 51
55 18
23 99
36 113
20 87
2 108
15 100
28 116
39 117
21 37
15 32
60 109
48 75
54 22
37 58
31 9
44 47
51 77
41 113
2 36
17 41
11 59
17 71
48 110
28 2
4 88
59 78
57 94
15 99
2 32
2 50
23 54
17 77
15 34
20 46
41 29
3 75
20 55
34 111
41 40
20 4
60 89
34 45
26 117
34 113
28 75
20 34
57 52
44 83
48 80
9 77
35 92
53 86
22 19
2 43
43 82
10 14
36 118
34 11
50 91
60 4
16 82
28 17
15 67
52 11
41 78
55 57
30 104
9 118
11 116
60 79
24 77
56 59
27 40
28 84
44 22
9 15
47 112
36 68
60 119
17 30
27 87
5 87
27 72
5 7
25 70
16 32
25 71
1 85
25 79
38 69
50 77
13 33
13 27
23 34
1 83
4 86
20 19
4 24
59 67
52 110
49 99
15 110
24 20
3 59
31 106
12 4
12 81
57 65
60 27
18 102
1 104
42 113
5 94
53 120
33 48
52 56
21 36
60 33
18 42
44 52
53 45
10 98
14 74
14 24
50 14
20 15
52 70
32 62
57 93
48 70
47 103
5 49
3 48
43 61
15 17
45 71
52 81
56 12
34 77
60 23
16 51
30 87
59 9
50 120
54 118
36 2
16 85
43 41
19 47
54 115
54 47
29 59
31 27
3 50
29 15
11 105
48 78
18 118
6 29
60 115
38 27
45 68
46 2
49 16
9 59
19 43
3 85
56 102
51 71
44 49
35 7
57 32
2 40
52 111
58 5
55 87
26 59
34 94
58 72
24 108
37 45
8 14
26 20
37 15
17 4
29 58
39 62
35 75
4 27
35 15
42 108
6 98
32 46
36 110
22 95
38 47
27 109
39 69
1 24
35 87
37 24
33 39
36 13
35 12
33 35
41 69
38 81
35 88
45 80
5 114
21 65
60 9
33 36
24 110
14 16
54 34
48 12
1 17
57 101
12 33
60 52
11 1
53 15
35 45
48 17
29 108
32 110
53 114
60 106
10 87
16 26
59 58
40 69
24 15
17 21
29 120
12 13
3 32
60 56
7 53
1 18
20 54
12 87
50 75
42 94
37 37
16 13
52 91
38 94
15 79
47 22
4 84
21 50
3 103
21 119
41 4
28 26
14 49
13 101
38 24
30 53
22 6
2 64
48 69
51 118
10 39
18 108
26 109
17 80
60 13
55 92
60 93
8 94
18 79
7 118
14 36
2 42
23 17
56 35
59 27
34 44
38 72
59 6
58 54
36 60
28 35
11 20
13 66
5 27
29 90
17 34
50 79
36 25
56 40
56 79
24 38
22 105
60 62
18 117
53 27
35 30
15 51
21 109
6 57
40 35
15 118
16 73
24 48
51 14
54 19
59 12
1 76
19 48
16 44
14 15
42 45
27 32
16 38
26 77
28 22
28 95
16 118
14 94
37 112
43 86
13 74
56 88
18 56
53 100
53 108
13 95
44 82
12 117
4 28
38 36
40 102
31 8
24 45
38 119
45 18
50 58
5 79
37 50
45 116
6 76
59 1
33 33
50 108
58 20
46 65
24 4
8 89
42 14
36 74
39 35
18 63
42 63
40 15
24 22
39 89
7 22
20 92
55 53
28 3
26 75
46 81
28 57
55 55
33 86
31 83
11 21
6 18
51 92
60 70
28 58
54 84
18 25
25 85
57 110
21 39
10 55
1 115
37 56
4 101
21 64
11 68
55 114
19 105
39 29
16 10
23 28
5 14
51 106
54 57
42 7
51 38
15 69
32 77
1 23
12 32
38 11
53 109
23 100
23 112
10 73
35 13
27 96
6 66
54 28
59 16
19 82
19 109
46 18
10 81
17 46
38 68
42 44
35 107
32 111
35 114
60 95
38 54
48 25
40 4
30 74
55 108
32 32
25 81
55 23
45 82
3 87
4 96
21 14
10 48
4 32
10 15
28 61
8 109
39 119
30 34
57 49
16 111
43 24
21 30
23 79
28 105
23 83
8 47
4 103
7 37
24 27
24 64
9 57
18 11
5 16
54 64
8 117
56 19
53 2
34 26
18 98
57 99
56 10
26 21
35 16
10 37
34 107
15 4
25 44
51 22
58 22
3 79
26 105
38 73
5 95
35 86
28 46
33 50
4 108
48 118
26 107
27 120
26 47
55 120
26 83
60 58
45 84
42 92
10 44
14 102
27 7
5 29
46 42
48 23
50 21
32 84
40 73
16 89
11 26
45 53
20 107
50 12
39 42
54 76
31 54
39 111
5 107
54 46
53 17
54 63
36 22
53 110
57 66
40 101
22 114
50 61
33 107
54 6
20 16
29 21
23 5
37 36
40 23
32 49
2 22
42 24
42 84
37 89
41 91
2 15
24 17
42 69
55 82
32 120
35 32
51 73
16 94
17 87
32 14
52 77
14 97
56 4
9 103
57 53
49 94
10 53
26 104
12 53
30 38
33 102
20 56
20 25
41 8
34 42
44 102
26 41
42 17
49 103
31 86
17 11
7 9
41 46
15 109
44 4
10 79
49 108
17 35
26 103
29 18
29 81
54 5
44 111
59 46
25 116
6 43
24 104
41 95
43 1
28 87
27 64
60 44
51 55
29 65
47 11
2 96
24 9
45 9
14 111
12 1
52 32
32 76
40 110
35 48
10 113
12 106
14 52
44 96
34 120
35 55
39 17
43 70
45 99
37 79
28 11
12 20
59 53
25 68
44 95
17 33
57 62
16 49
32 50
46 106
27 27
7 63
13 109
25 69
35 1
52 88
27 93
53 71
52 48
55 118
38 34
47 111
16 113
42 23
20 32
23 55
24 51
18 106
8 64
48 22
43 19
43 118
43 83
41 75
41 81
11 99
25 86
60 97
10 38
57 60
42 66
37 57
2 46
46 4
42 40
7 23
20 94
13 52
15 39
50 103
34 66
54 90
54 3
13 8
59 54
33 68
39 97
37 4
59 77
13 47
51 40
60 5
33 108
3 21
48 105
57 48
50 16
25 65
18 120
7 112
26 37
26 57
28 6
58 98
4 54
3 118
38 67
48 99
16 4
50 73
21 11
57 38
48 4
23 41
45 2
11 64
22 68
22 81
24 59
59 14
35 84
26 60
45 52
26 71
44 71
27 82
50 105
19 15
46 100
11 69
43 22
39 48
26 88
26 86
26 28
11 58
39 10
46 84
13 62
11 89
8 30
33 103
17 101
8 38
5 11
47 14
14 47
31 40
7 47
2 101
9 70
14 83
12 47
36 40
6 103
6 54
2 84
8 99
52 116
53 88
60 36
46 90
23 27
45 106
44 31
52 12
36 24
35 109
57 74
14 113
57 12
36 28
4 98
53 57
4 76
42 2
33 65
60 43
48 51
23 42
20 20
8 86
33 29
60 74
10 74
23 91
48 19
43 91
18 82
57 75
49 19
17 88
54 95
60 46
9 55
54 120
23 104
7 17
57 44
4 21
43 87
41 59
2 55
47 51
3 25
42 112
19 22
49 115
10 11
30 93
11 23
19 41
51 3
40 79
60 78
33 111
60 12
36 84
16 39
14 81
16 72
25 51
25 84
39 24
35 90
39 28
29 51
46 103
16 110
55 62
56 106
5 38
4 29
9 73
8 98
34 99
42 72
49 105
47 66
25 89
18 57
38 114
27 110
16 52
49 38
18 62
18 84
51 36
22 74
50 78
45 88
20 110
55 25
48 18
53 77
46 24
22 113
51 96
44 24
33 18
48 38
23 77
22 108
6 97
57 29
1 33
7 82
58 106
1 96
24 89
51 5
49 41
46 112
19 79
28 28
54 41
22 90
31 42
28 19
14 77
39 60
43 30
6 120
46 38
43 63
3 1
23 29
26 81
60 6
12 113
2 61
48 108
37 97
20 44
10 7
55 96
52 66
15 70
46 118
38 83
59 32
21 86
6 91
38 40
26 84
10 70
41 93
34 95
43 93
59 101
60 30
43 27
28 112
47 81
5 53
24 56
58 27
22 112
51 101
7 64
39 16
1 2
23 61
48 44
28 41
21 47
37 59
32 94
17 18
45 110
60 37
27 80
53 47
11 34
39 12
6 21
49 60
51 41
20 52
29 98
51 119
50 39
29 71
12 14
48 10
15 33
38 28
29 102
12 101
57 87
34 86
9 18
51 12
5 110
52 21
51 46
10 82
42 15
28 119
51 104
58 46
27 31
60 86
5 75
52 59
58 115
49 69
27 23
8 6
16 75
55 47
49 53
60 20
59 103
39 70
29 16
10 108
15 46
11 109
1 64
44 43
5 45
38 71
3 109
13 79
51 34
21 48
7 86
41 74
40 100
4 26
27 51
17 59
8 100
2 27
56 7
12 105
19 12
28 98
59 102
2 97
36 32
34 1
19 113
53 23
56 60
13 86
34 116
57 41
3 28
51 95
3 113
25 16
25 107
15 56
49 4
52 85
47 80
55 101
23 18
37 96
14 100
35 67
20 88
9 1
32 59
38 57
42 9
41 52
34 57
52 104
55 50
59 42
4 56
57 46
14 6
35 65
1 25
35 54
29 68
54 113
53 61
5 84
11 53
49 5
22 89
3 106
55 115
11 71
54 42
38 48
29 34
19 29
55 86
19 72
36 96
31 84
49 119
11 77
34 55
42 5
29 40
52 115
57 7
7 31
19 92
12 38
26 32
46 23
19 19
48 53
13 4
5 83
34 87
4 63
22 37
22 48
11 104
46 3
16 95
20 28
7 20
59 17
56 55
58 61
58 39
43 53
41 120
22 116
29 107
14 54
33 95
37 32
41 102
16 103
38 61
15 83
57 67
15 98
53 12
29 23
18 4
13 104
20 113
39 103
38 10
19 93
28 7
59 62
16 7
21 2
42 73
3 46
40 3
14 57
8 4
54 93
55 7
45 118
57 69
17 6
60 41
1 51
12 36
48 102
18 30
37 26
39 88
41 111
40 71
24 43
59 38
28 81
39 31
29 11
37 22
31 28
12 45
45 73
14 106
14 104
23 86
18 14
3 16
21 8
36 98
48 73
39 81
10 85
16 115
50 49
40 58
15 15
46 63
13 53
7 116
19 46
26 106
47 50
44 56
31 107
3 72
27 79
7 74
17 42
26 113
51 109
58 3
20 81
10 104
5 18
22 66
42 19
6 56
5 2
59 5
27 9
41 10
30 71
51 15
21 88
59 98
36 97
36 109
25 76
15 19
6 47
20 106
56 1
15 44
11 73
8 12
43 71
38 96
59 88
60 73
16 8
18 103
41 107
5 50
27 46
60 53
31 50
14 26
50 11
34 61
45 60
44 72
50 18
1 67
33 3
43 56
52 84
42 88
22 103
25 36
23 26
18 23
38 25
19 36
22 35
47 36
56 100
60 96
8 2
18 48
50 17
46 119
52 98
37 114
19 89
22 62
5 117
16 62
36 91
50 74
11 35
4 91
7 105
24 61
20 13
23 30
17 100
7 104
14 51
59 3
43 72
47 7
52 87
57 85
33 76
25 92
32 83
33 41
60 42
38 89
10 114
4 4
17 78
22 1
53 49
36 120
7 36
12 8
52 79
19 64
4 34
6 4
30 78
1 101
24 57
34 76
47 17
44 54
38 17
3 69
17 113
16 22
6 52
45 117
46 41
20 79
22 77
8 34
58 18
57 33
55 58
53 39
57 4
5 20
27 102
37 78
1 65
19 21
20 117
51 8
59 104
52 4
54 62
3 74
47 82
55 59
37 88
48 40
29 95
46 58
40 120
18 113
26 50
17 52
57 78
44 45
10 49
21 111
12 63
11 50
42 98
12 92
44 100
9 34
31 5
5 35
47 79
43 36
37 28
17 76
9 81
23 98
57 25
60 116
60 65
37 109
53 83
20 7
35 20
49 89
14 5
28 37
28 79
45 79
47 113
31 6
52 26
13 84
19 61
52 61
36 79
23 62
35 70
56 70
49 79
33 12
35 19
27 78
56 92
14 86
35 96
26 53
54 1
22 69
50 89
29 33
20 60
4 85
20 84
26 31
22 83
17 12
28 25
35 100
53 99
30 97
35 9
37 77
34 48
52 65
3 89
9 63
49 56
8 44
58 50
39 20
14 14
6 45
3 39
21 108
31 33
32 17
15 107
38 70
26 33
30 50
36 23
22 21
5 102
22 115
35 104
15 31
16 12
55 100
21 99
55 20
48 5
41 76
30 82
20 103
21 103
23 90
12 59
52 58
21 55
20 48
50 115
6 55
56 71
46 55
24 26
46 79
44 13
60 50
3 76
31 4
57 89
36 103
55 119
32 69
19 40
18 73
19 24
12 82
53 53
9 36
42 82
15 102
49 112
1 58
55 54
10 112
6 6
17 115
22 46
29 49
35 113
25 117
59 95
49 45
11 106
13 23
48 83
49 13
15 6
35 2
38 39
14 62
22 96
21 43
15 23
25 57
1 105
26 95
35 79
53 90
5 100
54 78
13 80
56 75
50 1
39 25
44 106
26 23
60 98
1 120
43 21
13 28
33 63
5 67
12 6
39 106
26 1
15 120
23 85
4 13
50 29
13 16
2 112
40 20
58 70
37 62
55 78
56 111
47 73
47 49
53 67
45 22
4 7
18 101
21 72
9 93
10 67
37 67
16 80
39 46
41 14
60 1
43 108
60 112
60 100
22 65
55 112
30 102
38 103
38 59
34 32
7 41
58 73
41 36
48 47
9 28
51 86
56 34
22 97
38 85
50 2
60 69
45 16
60 102
26 64
4 113
31 56
14 108
35 47
51 110
60 17
8 82
15 9
24 52
16 64
12 102
9 52
43 32
8 54
26 12
44 58
24 74
45 7
12 56
37 19
27 44
11 19
46 29
40 45
13 105
9 108
21 120
60 99
4 58
25 6
37 71
52 46
1 110
40 95
10 8
51 29
8 114
40 17
2 49
7 70
43 7
31 26
59 4
26 90
30 114
24 78
35 93
49 82
33 6
15 52
29 103
56 25
54 107
12 83
48 30
57 86
3 100
28 1
38 9
49 15
14 76
39 51
6 58
42 83
24 100
53 104
40 103
25 53
43 60
34 8
21 56
37 6
19 102
57 8
53 116
56 105
11 46
42 79
46 14
41 7
18 52
48 52
50 42
56 67
25 97
22 51
48 61
29 38
24 71
43 12
34 88
43 57
19 78
27 42
8 104
23 32
60 35
42 105
6 40
40 52
8 108
20 49
4 117
52 27
34 70
48 9
26 114
54 53
60 94
58 4
58 102
49 39
55 45
19 103
46 51
37 48
16 47
11 80
30 18
55 66
8 70
49 62
27 98
2 52
32 57
3 86
55 76
31 112
7 106
43 99
17 49
25 67
43 73
4 41
54 81
19 76
49 106
46 97
43 96
46 31
17 15
16 37
50 60
40 89
35 57
1 84
48 48
24 93
46 61
60 83
32 1
2 115
16 66
6 100
19 110
37 34
20 69
14 19
22 106
52 7
29 43
1 66
41 112
41 72
56 5
36 12
51 1
40 51
52 53
7 29
20 108
59 92
24 6
56 44
6 94
32 44
17 83
53 87
44 5
17 120
52 90
25 73
28 36
56 62
11 8
5 26
13 100
5 59
16 2
17 7
17 109
60 101
50 55
46 107
12 66
53 8
42 52
38 46
10 62
51 66
38 2
36 117
51 84
7 40
26 120
24 68
1 103
43 68
12 70
53 101
48 66
5 113
13 56
51 94
40 87
14 59
36 39
49 30
16 67
11 75
57 106
39 75