X Y M
9,134323104 -7,422820158 1,78234
-9,370839327 21,53152822 -0,20308
12,07940643 8,557026793 -5,31647
10,89814867 9,580139961 8,91008
-11,66840505 25,07689487 -0,55119
2,134929953 -7,881705359 -2,22475
17,04195917 11,96858159 1,97587
5,873751889 -8,551438119 -7,80117
3,95830064 -14,32307071 -5,56797
-12,167366 20,79142251 5,6028
-5,186387937 19,8755832 -9,00109
-12,12278982 19,93792762 -8,64199
17,76580669 11,24393787 2,32974
-11,38959699 25,26527528 3,25229
-10,53211144 17,0104832 6,71166
-11,31474514 16,7819738 -5,3173
7,653154598 -12,23035673 -9,44163
-9,940345228 17,18460886 1,01752
-7,685510931 18,02215238 -0,65435
16,05783905 8,362045125 8,74053
-34,45104956 -25,42174841 -0,26733
-6,150192922 19,75061755 6,99577
-13,71872689 20,92254793 6,65099
-11,89029292 21,7997071 -2,73024
-11,80087686 20,67814347 -8,58494
-5,786325626 17,49937275 5,10877
2,37223951 -10,20914448 -2,72173
18,64053226 12,03351974 -3,51996
-10,66946854 20,72987516 5,60267
15,18886373 9,034856036 -7,28701
6,319781156 -12,32631826 6,72327
16,29245868 13,35167728 -7,58257
-13,89334933 18,70177264 1,6324
5,308864603 -6,616096216 -1,73088
6,542542483 -10,54339676 -4,93767
-10,50678041 23,99915521 -1,39203
-6,823484661 20,58081087 -6,724
-12,58120667 16,95065759 7,50879
9,251452432 -13,23801852 1,58833
1,030275331 -10,10746264 0,01983
-12,64067311 19,6463473 8,88661
12,22705186 14,43569628 -5,04455
12,52999769 9,687696281 8,36039
14,21642233 6,542090119 6,57603
7,002195924 -13,47370102 -9,14108
13,71755652 11,61337195 8,5629
18,3925429 9,038426134 -9,51608
11,8969366 8,939926228 -7,6866
7,920690043 -12,43488004 -8,71967
-10,02143039 20,0837877 -5,55304
-7,92784864 22,24399222 5,45713
-10,91102747 18,17577024 -6,89223
20,0239354 10,86709464 7,65418
14,20286723 10,52011507 -4,41726
12,05037744 8,144260007 2,0457
-13,41384449 22,54108036 -1,04154
15,80948995 15,29903915 -4,83193
18,18427778 11,31286916 4,62693
20,39087268 12,01722558 6,97676
2,809520105 -11,10632994 -8,05694
1,198941723 -9,906670448 -5,7158
-7,674361321 24,37010884 6,22256
7,074534591 -6,161307154 3,5476
-10,19684666 19,82272531 3,94179
13,74378238 8,833515852 4,58038
11,48076589 12,70562245 1,11024
17,79966351 7,692163909 -8,92308
18,92574165 7,435007271 5,63646
34,87199073 -19,90211564 0,84001
-10,70010953 16,15070159 -7,63666
-5,428133894 21,14032613 -2,00955
-10,08033435 24,39890802 -4,11331
-8,311312314 21,73671061 -2,09789
-10,64783426 17,10719225 0,29392
-13,5455684 21,13414902 8,93433
3,792286794 -12,75855234 1,26891
-11,58532976 23,70860978 -1,10027
5,958226263 -8,771158764 -0,94825
3,056236476 -8,855071934 0,81475
-12,04642336 23,01885621 2,5419
10,82277058 -20,71599508 -3,15107
7,486695306 -14,43775571 -5,46901
14,48048518 10,14373771 0,14591
2,460514318 -14,29579085 -0,38197
15,53074831 12,7401892 5,62821
-8,750714193 20,17276427 -4,92699
6,600214743 -15,4873856 2,63677
8,909838208 -10,1311785 -0,42351
2,640272313 -8,600662517 4,67691
19,72291644 12,26868128 -2,05802
-9,922375429 19,34180042 7,00669
-8,838801246 23,79646051 -5,14746
4,424592208 -10,7476178 -4,97537
1,425348166 -10,03489686 -6,14216
16,87896965 7,039772045 -1,8794
2,457276131 -13,26158042 -3,44978
3,778218473 -9,434410132 -6,66433
9,337773369 -10,10895883 0,67749
4,659170382 -6,227281661 0,6883
19,1592739 12,16139456 2,16782
15,76774878 9,994023129 -1,23721
4,82966712 -10,06692806 -7,78432
-7,229276443 18,4899155 3,52419
19,68174152 7,910671162 -6,79434
-7,442461811 16,63984872 -0,40949
-10,15657331 20,64226076 -3,36299
16,39227493 9,109482758 7,44602
12,87769966 10,48923959 6,06052
-11,04167872 20,59696009 -8,72393
8,921202396 -13,08000411 2,89197
12,44753857 7,443775399 -5,35615
-13,53628946 22,22635932 6,6112
-7,637814448 24,66403212 -4,12
-11,87201163 24,69102953 -0,15797
19,13167181 9,87557796 2,17368
16,18144646 9,614927471 5,64577
-10,38042361 24,46881866 2,58322
11,74377203 13,37887059 1,36895
6,227579308 -14,66009328 -7,54927
-8,69860808 23,47713308 -8,58417
5,992883871 -13,33804056 -3,6184
14,57642824 15,44129885 -4,87941
1,534884284 -8,824362964 -8,7725
15,08028316 6,664699933 -9,67701
14,8260214 14,92022978 -3,67895
13,54226068 9,297436536 -0,81867
5,215659097 -9,552656383 4,86564
12,6287436 13,00530733 3,78504
17,17649107 12,38891792 -0,82658
7,398297324 -12,98391171 -3,61709
5,54360418 -6,848576352 6,47617
-11,21593104 21,36356576 4,51954
13,89014905 10,4078615 6,37681
-0,635044377 -2,073405014 -5,22845
-7,488142762 16,4840741 5,88198
8,533927955 -12,20381697 -5,02599
17,06228423 13,99706864 0,99513
-11,6891064 16,80109434 -5,63488
3,004983147 -7,757667717 -8,10662
-14,09610709 19,0820945 -9,3152
-8,369996141 25,42385443 3,25179
-12,65075394 24,40604976 5,82912
-8,844993492 21,17878479 0,85435
14,22879409 8,77300318 -6,31506
9,180892369 -12,376656 8,84078
-5,297687876 19,67864567 -6,64361
15,52590166 11,90479262 -1,39227
-6,242026241 22,63645012 -5,91499
4,98164573 -8,317392424 -1,28423
-8,914426758 23,94869024 8,75331
5,754162287 -14,4468845 6,58493
-5,031053644 19,62166529 -6,31925
11,23547748 12,35788448 6,79605
-5,549715175 20,53765542 -2,2758
-8,881478569 25,62999438 -1,15919
6,606537867 -11,13330436 -7,35108
-8,230412563 20,40377427 -9,75794
5,192022355 -6,586364959 -0,9795
-11,38686358 18,15653636 7,14812
4,940861155 -14,4079258 0,32978
-8,419835971 23,77950875 -3,85115
15,31626451 12,82552454 -2,50947
13,52141648 13,29822342 2,91226
12,67091168 11,33109154 2,11665
-10,05480386 22,27743894 -3,54263
17,23008995 6,123029819 -4,21127
18,31787548 11,56872524 -3,83163
-4,840832761 18,9622478 -5,34151
13,50284101 6,395189943 6,91283
-7,170629765 20,03616421 -5,68983
6,343671692 -12,72085847 -2,284
7,730243009 -14,89201956 -0,35967
12,77078728 6,957626235 0,00079
-9,726397209 25,10953248 8,7594
-7,309882283 23,05105695 -0,63029
-10,95500828 23,84128846 -6,24172
-5,282339857 21,70308784 1,88306
3,726975976 -9,46020233 -2,9107
4,408589743 -14,82756153 -5,48483
-9,202617284 23,27491806 -5,84187
3,786996833 -13,94721194 3,30349
-9,779229519 21,61293441 -1,49733
8,63257352 -13,91894863 8,27654
-8,719026527 25,39961291 -6,53739
18,77111279 13,83988688 8,50739
-10,92157845 21,33511343 -9,75065
17,8728763 7,633295644 7,16315
-5,114074708 19,62462148 -7,8165
10,35152739 -9,534783715 1,59316
-8,128216019 24,14060497 8,98765
8,828920385 -14,45504269 -8,01096
14,19529476 6,07366049 -5,79948
16,44937286 14,15732037 7,02934
2,344105021 -12,753136 -7,03911
13,51121831 8,967080689 4,02789
20,10980052 9,035825028 6,29027
-5,06317724 18,66867957 3,08245
5,039544993 -9,288731034 -2,85812
17,48019336 10,24780723 7,82173
-24,88980101 -28,29246297 -1,80834
-11,58959861 22,09792295 -2,20159
17,26330605 13,44927657 -0,524
2,068335277 -11,96154295 -1,06797
-6,29348776 22,0757409 3,66061
13,54751994 10,2260119 2,20931
19,04159573 12,24864687 0,03744
5,539402333 -10,88719079 -3,96837
10,85385603 9,537214945 -4,4083
-24,15546352 -17,05186042 7,68516
1,969993 -8,49568408 0,24521
-11,70855215 19,93463484 -1,67333
13,78779521 12,22606583 -0,16031
11,91805102 11,1870448 -7,36922
14,69138047 11,14454429 -8,22457
18,22515098 10,25281589 -9,06158
-6,993731387 21,20877459 -4,98449
-10,57205668 24,55059146 -7,88178
8,677602688 -9,957487564 -2,89572
16,21496076 9,453777174 8,32806
9,322769697 -9,125200349 7,48688
4,919134138 -10,03555621 -1,8072
5,747769673 -7,638348821 0,63213
-9,696949433 21,27804967 -7,33364
-5,178871481 21,67492751 1,07787
-7,687292204 23,65684279 3,84889
15,85376221 9,111448098 -4,39682
-8,670480063 22,72655616 -0,77703
11,2914972 11,35582971 -9,18691
17,46073735 13,17007956 6,43239
-12,34693074 18,68249755 1,5611
-9,401277545 24,13719112 -6,07557
-9,728950886 17,6463691 -7,90229
11,91904393 13,42450317 2,94318
15,1731562 9,876677317 -3,88056
7,134344356 -13,91557677 6,42196
2,720296612 -8,670950316 -0,33221
2,620174248 -11,45757941 -2,90809
17,20399535 8,541399044 -0,55523
-13,41007336 23,23350353 2,21875
4,560333658 -6,13727501 2,22398
-19,83327921 -14,38481117 -0,97474
3,171055018 -12,36367358 2,47255
2,151130223 -9,256918542 -5,3876
19,89790931 13,27847578 2,48253
15,3981473 8,616126177 -2,36586
5,690607254 -12,74590206 1,28881
4,770028932 -10,54719266 8,47061
-12,14965972 19,1119817 8,19592
7,093730045 -15,52347461 4,59636
8,661600205 -9,942417006 -7,92464
6,694021321 -6,244022786 8,68331
-4,662775658 21,26335663 5,30623
14,9445982 14,44196445 -7,37854
4,970567958 -7,805326226 7,58224
15,6666462 14,63455159 1,40664
7,506338254 -11,38804128 -2,72345
-11,21506954 21,63477763 -1,00644
-12,27175326 22,30995144 1,44379
4,171243509 -11,55207544 -1,49348
-6,429772202 20,60990408 3,63832
13,51002098 14,43342808 -2,24742
-10,9970183 20,68433887 -3,44592
-9,353319387 18,94071787 6,59645
20,34723712 11,90505943 0,76389
18,05097643 11,84992603 1,83434
-10,96394357 21,16317718 4,86066
18,8820931 10,61138944 -8,8131
-9,551685014 25,51619426 -2,02406
-9,567329584 20,35421463 -0,01819
-6,690957387 19,4222406 -3,49356
17,15988611 9,594007654 6,39299
3,560622132 -8,080258296 -5,83442
4,357337013 -13,69203595 -9,08021
16,0351851 11,36292542 -8,39588
1,498949674 -8,765506334 6,18339
8,290580208 -10,6796712 1,57967
8,708993611 -13,2596462 -8,92752
19,77960624 13,07153871 -7,77247
19,19640686 13,68369995 -2,97812
-9,006644125 17,65284078 -0,02676
-13,65732812 22,75186091 -6,70535
11,63200939 7,971195374 3,14408
13,70382106 7,062147076 -2,85517
19,56059274 8,280349161 -8,48051
13,88706684 10,15813223 6,26666
3,265073989 -9,255239277 0,87481
1,4781859 -9,752073211 1,87663
8,50515182 -11,67195341 1,68886
7,812879954 -7,772739701 -0,3422
15,55724573 10,40421735 8,46085
5,176136256 -11,23517744 3,11165
8,014886079 -13,58761278 -9,48653
-8,717145503 20,93545187 -0,70404
4,911361135 -11,73335328 3,11669
16,26106726 10,64256688 3,41813
14,90730037 13,95827517 7,62486
3,999555201 -15,54166148 4,33611
-8,528974581 24,44095798 -7,57207
-6,196026565 22,17847356 8,43033
-5,973025512 21,53725542 1,03283
3,988685628 -13,0362215 -1,52313
-11,89229742 19,50928047 2,0322
-10,47840582 18,29448128 5,67393
3,442766626 -12,06178754 -6,11034
-5,303032635 21,51859709 -9,03112
8,018720271 -15,00128665 -2,51133
3,746553529 -7,075209115 -9,29861
6,826956418 -11,37285851 0,17066
16,38783407 15,04588387 3,44753
16,21743995 8,986347129 -3,90891
-31,92568602 -21,53882305 -1,72297
15,74947121 5,807127144 -2,94571
-10,2426267 19,4989595 8,16253
16,63529311 11,32481231 8,32815
-11,7264359 19,69083122 0,51776
5,192100507 -10,23983303 2,9044
7,099434535 -11,39083582 -4,54846
8,469540204 -7,918047131 3,59853
8,312738857 -13,12366672 -7,17854
6,793561065 -11,37297055 -4,51263
4,491898346 -8,594518305 -3,27895
14,47062794 12,93206348 -7,49133
10,80488232 11,91503206 6,0709
-9,792468049 22,04237365 -6,52719
13,78207606 7,507839717 -8,8711
14,77474242 10,68312066 -5,74109
-10,98462079 24,15154513 4,98047
4,638059297 -13,97545236 3,8409
4,814252751 -11,33734385 0,89436
-8,756995811 20,29953231 8,72105
14,14873252 10,8429802 -5,84963
-10,66581679 23,05144772 4,19398
2,629541102 -13,2680582 4,43519
2,227193745 -13,52692022 -4,43206
-8,983177257 20,58842401 3,46634
-5,897114305 23,49616576 2,72327
5,831953282 -8,732843345 -7,37962
7,355840249 -15,17578054 -5,94619
6,770723511 -15,05477604 5,93113
15,85714627 6,537244361 4,81459
-8,688427418 23,34230443 -6,40729
8,605486494 -10,04198695 2,93147
18,51053874 11,49041708 -0,71144
5,002906444 -14,52388971 8,92775
2,448400551 -7,059243264 1,17667
3,994853011 -13,69728575 -8,75492
-11,57295609 19,18259294 -3,41077
6,598857479 -11,33433943 3,62241
-5,69655154 20,01480016 8,6994
-5,233528501 22,27670085 7,59573
4,764485163 -10,53187843 6,48171
-9,396729472 17,12514814 8,3619
31,26935136 14,72360626 -4,67282
-8,761242661 23,37933354 -7,24321
23,32882721 -6,125652242 -2,88295
12,05938077 10,23618442 -4,71072
4,650425982 -8,186077545 -6,15821
16,2223359 10,45471745 -3,5364
16,86620282 11,17384608 -8,1617
-8,034349762 20,73420153 -6,84374
5,335379539 -7,846060411 -7,5289
3,234622201 -7,674970392 -9,02189
13,1097395 13,21051153 1,71539
-13,49222209 20,84202257 8,83792
17,09408581 11,88555734 0,84951
1,949697486 -12,90463145 2,41289
1,369669632 -10,67033838 8,40013
7,933503898 -8,754645808 -3,14561
-13,71611865 20,70062014 -8,16339
17,77922806 9,553935806 1,77508
7,457699817 -7,818043025 -0,69486
15,37765829 7,332959851 8,79151
5,949879438 -9,678242676 3,37639
-10,9877784 19,14685888 -1,53393
16,81268992 9,81952704 -4,5045
8,600950063 -7,769381849 -9,7947
18,37289791 14,97681595 -2,54059
-14,06312695 21,71665251 7,79975
7,545578798 -6,647965841 -0,50063
-10,05839641 23,03718244 -7,75534
-9,241501352 20,18913258 0,8447
6,36496703 -13,71698843 8,10363
16,38098144 7,812231753 3,64236
-8,747563824 18,98358379 -3,66233
13,65484904 11,22318702 -3,42254
19,1261852 7,446364956 2,4877
15,08145706 14,06804487 4,67755
-6,266754901 18,8698239 8,8904
16,40885458 7,329792105 5,56408
15,26082841 12,78541816 -5,52007
12,47919142 10,75967363 2,77871
8,108701614 -8,78661781 -7,90788
13,3612989 10,65491529 3,68427
-6,370409453 22,25179077 -3,11842
19,89673425 13,23226779 -2,16828
-11,71348762 18,82797238 -3,476
4,216558614 -14,21567387 -5,24091
-6,676341074 19,71726684 -2,87459
-6,217166209 19,09825378 -1,63855
5,664136745 -15,81814574 -1,54446
-7,024628937 18,05065162 8,78931
2,045491096 -13,795241 -0,7936
-6,499395926 16,77696111 5,71279
3,638165489 -9,012404787 -0,16915
-10,66508517 17,25766508 7,36619
-12,009061 21,34111293 8,37345
-9,370654585 18,92802516 -5,52704
-4,649015991 19,33770337 8,72202
19,18691306 13,62352392 6,9323
12,18823376 12,2954141 4,79214
4,800059395 -10,49753757 -1,09263
15,94823057 13,81191657 2,96679
-9,643069393 21,18835807 -9,90132
8,183626021 -10,72145684 8,62265
7,060878281 -11,29179465 -0,98047
-11,07981215 21,73102638 0,45945
6,786055211 -9,507769946 1,6167
-7,673556941 24,2160922 -3,315
-11,48017577 20,70578898 -1,75433
13,56677651 6,722918794 -0,11628
15,25910077 12,54249641 -6,6654
15,29065715 14,56049112 1,75777
-7,664362863 21,61267586 -2,31037
11,30573333 12,56333295 -7,2216
-8,049942817 19,91144246 5,27866
1,809309606 -9,633766778 -8,03282
-11,09946634 18,95239178 5,07806
31,89810302 -0,198182059 -1,39826
-4,961233325 22,08729441 6,3707
-9,208132428 -29,14866191 5,74996
3,913783505 -13,06930655 -5,69386
1,617994488 -9,886609986 -4,37189
-8,378921868 22,84373825 4,48456
8,236522924 17,35792232 8,79863
-8,420254 16,70430943 -9,7898
19,89244917 10,60102989 6,40463
46,52166074 -24,59725768 -8,64392
14,89381477 13,3794103 -6,18102
16,81170884 9,666626746 7,4346
-7,856417348 23,22904548 0,01833
-4,728207244 19,32772228 7,63707
9,693187596 -11,31482166 -2,09689
-5,295750043 21,95167998 8,90961
-4,937994937 21,28020936 6,97784
16,81777123 12,70743356 2,8677
13,79425598 9,434096968 8,23335
-11,52963249 18,93468689 -1,0047
14,28364002 9,463214784 6,5629
-10,73321988 17,53048047 1,26009
8,137058234 -12,42567278 -2,03175
16,69713831 13,61610546 -2,64674
16,19811395 8,08189417 -9,8656
13,57972515 14,37818505 -0,39026
5,41989188 -14,16004723 1,6282
11,58404908 11,74935987 -8,48266
-9,566802819 19,77945791 0,11596
13,58823548 12,01336339 -9,57871
-5,329314812 18,58444317 6,26679
3,501529246 -6,846792063 8,11815
6,693287855 -15,40495194 -5,69462
4,691434502 -12,32143726 -3,67893
-11,55769801 18,32447761 5,28715
6,346666925 -14,35992116 -4,98566
14,21150063 7,682836678 2,20316
8,393998455 -13,92788439 8,99008
-5,871512404 23,82957462 -0,51842
3,371203222 -14,86132321 2,92874
3,409972972 -14,90376211 1,02534
17,88286958 15,06634442 -2,19224
-9,929231833 25,46000165 7,78526
-9,882501499 23,24941195 -5,99144
4,256183457 -12,00153243 -3,43311
12,61597494 8,002134643 -3,83728
19,84794858 9,528079969 0,12593
3,575762748 -9,454844198 -9,89144
-10,3316583 18,67214239 -3,13423
4,863252535 -11,3494587 3,51614
-11,81623648 23,62865954 1,33091
18,04550933 15,11743673 -8,22384
-10,09547008 21,96677344 2,43712
17,57131792 11,00647367 -1,98284
11,73602873 11,38867641 -1,3958
18,69626916 11,86652769 -7,63823
-5,981776067 19,03446454 -0,88615
6,548538953 -14,5471503 0,00704
4,015474466 -7,21228338 -5,58783
-10,96103094 19,04803152 -4,72507
17,49997499 7,467740967 -6,16045
18,60436909 6,958656841 -7,56071
11,9187503 8,541537609 -3,5472
-13,04615571 21,69545749 0,20974
17,40613898 12,77177199 5,77108
-12,59411648 21,09536547 -8,35912
15,78260254 14,59346121 6,58255
-7,888040927 17,8996925 -6,95303
8,958920908 -14,26607756 1,47309
8,304827297 -12,55429417 -1,16035
-6,200536451 20,28166164 0,11405
1,386351973 -11,50415361 -6,2304
1,438670372 -13,45772781 5,33523
16,6322044 14,98926719 -3,69444
20,45672222 11,54989671 -1,12198
11,04205053 10,4479412 7,8712
17,58047988 10,38728194 -8,03244
2,001397783 -13,14919677 -9,33306
-6,073095029 20,36140188 -3,30047
-7,532717362 21,3368527 -5,18159
16,65856541 7,774673361 1,90923
19,05716421 7,84364858 -7,90485
4,185821313 -10,31101339 8,74563
15,99897322 12,53382858 -4,70105
12,10712811 8,31748219 -4,26965
13,24281386 14,72835824 0,07944
-11,06812585 18,24599831 5,8957
14,87847317 6,273633097 -9,7994
-5,921609201 22,36502431 1,95702
4,114491211 -8,963639812 -8,32995
-7,291890355 20,25935274 4,91731
3,525484324 -7,279062625 6,19775
9,702808462 -9,247321671 7,16817
5,468853368 -14,66754588 -9,33743
-11,34583164 20,96673475 1,74686
19,04957785 9,546040363 7,69509
14,29711928 15,13586806 -1,63677
-6,85651795 20,39636317 -3,56071
19,73434604 11,06377475 -7,76068
-10,89551786 21,70439351 4,46986
12,1723655 9,527127644 0,77305
-8,295026281 22,27376554 6,47458
-6,525029262 20,23992817 3,60905
-11,57248992 16,80989709 0,08363
12,92216532 14,81333723 -9,33916
-8,914557207 21,58627591 -7,41188
9,049276864 -14,37307905 -4,65832
4,86530675 -9,461749656 -8,0472
12,78073644 9,863809915 -6,39211
-9,692278015 25,01664894 -7,92989
-5,374573063 21,31174252 -5,46488
4,46369098 -12,34209761 -1,80591
17,99018119 7,448737854 -9,40058
-12,68253115 22,32972916 -3,37731
5,368205242 -6,710703638 -2,29417
-11,37541477 17,87995189 -0,39372
-12,8279676 20,69259277 5,42606
-9,767331203 25,08031299 -0,73191
14,28031677 12,8785345 2,85528
-9,032943588 19,26991309 -8,20903
5,881306846 -11,80515268 -4,09621
5,894547669 -12,90588839 -1,42261
-8,974226358 18,88316308 6,81299
14,80412526 12,67503611 6,70132
-10,51328473 24,12920997 7,92543
11,02312222 11,71924527 -5,64789
8,191145039 -14,35553355 6,98463
5,245113778 -14,18149603 3,24474
-1,214074943 29,08232727 -0,62524
1,807281443 -20,242908 -8,57141
1,278649299 -10,31074116 3,26409
-11,05897277 17,6595849 -2,22604
13,13774149 14,86735207 -2,51923
14,18818941 14,01255262 6,33598
3,77774477 -8,68950981 -4,15299
2,028104326 -12,71532745 1,53349
0,916812218 -29,98712609 2,93883
3,171722174 -13,33837615 -5,93303
14,68394225 12,02138863 7,79297
8,724894743 -8,144538256 -5,45676
11,45151991 13,26422152 -3,20973
-9,082980901 17,92396259 -7,90271
-9,448997423 21,49980621 0,58431
23,87531984 18,34251381 3,7234
-9,22423 20,76447278 -2,05475
7,650777354 -13,38415633 -3,10328
-8,046958566 23,03038327 8,61351
17,03454959 13,50835283 5,79169
10,31704741 -10,44149658 8,28053
25,80136828 -7,117170762 1,69433
9,235758775 -9,628485983 5,38677
-8,999975678 18,12274405 -8,6896
6,272871547 -7,456235427 -4,2405
-5,83327635 19,75122356 5,85406
15,65831107 15,73436217 8,30778
4,107668004 -13,10765905 4,15615
13,61591956 6,278464652 -4,65499
16,27018127 12,1694748 -3,47156
-11,74347859 17,53806039 -0,93398
5,459528986 -9,98114404 8,85332
9,190238069 -7,773634501 8,36734
13,54317058 12,69850738 -3,74724
-12,05331247 20,24785713 1,44899
4,537532885 -15,78382076 -4,35943
6,563005254 -7,271680952 -8,75825
-7,539013379 21,69449684 -2,3175
15,40946399 8,969592433 8,26473
18,20967157 12,23330644 -1,60623
3,87724421 -11,04568801 -3,98412
4,967813477 -12,25512512 2,30294
-32,59106694 19,93857295 -7,0046
4,331589897 -15,08810233 8,9773
15,41244771 8,660320543 -8,7665
16,3478832 10,26634999 -5,58521
6,96705394 -8,449335161 2,66764
6,44893744 -7,98325072 8,77458
-6,786784449 18,0193529 5,41717
3,034827574 -10,90522279 6,93925
14,11600391 13,15603935 -5,60288
-9,876946264 23,06021173 3,36287
-8,404343531 24,99353341 -2,83139
-13,66596239 20,81764184 -3,10567
17,91079302 6,890438304 -6,28108
-10,522958 17,91707666 -9,77114
15,09865077 10,36676984 -9,13362
-6,382222357 20,88913138 3,60584
4,463436661 -6,671004496 2,91942
15,31870905 12,96204791 -4,13966
11,57492142 12,48331606 1,95227
4,797192472 -8,798880675 -3,52324
1,297474866 -10,02781519 -1,03326
-10,62149327 24,25671457 -4,92543
4,936986029 -12,97083348 3,40591
4,692325694 -10,72577881 5,5172
4,927319989 -14,76785096 4,97791
4,381069603 -8,656770582 -9,56967
7,359966067 -14,71059627 -9,32206
7,034141672 -13,68177504 -1,14861
5,408127501 -7,195756534 -3,49032
-6,656620823 19,83034117 -6,4784
19,95148274 11,93388149 2,7481
16,38377204 8,418106285 -7,65435
16,18766455 14,12799782 2,29514
-4,673412205 21,17042224 7,0255
-8,089833545 18,30759133 -3,31106
14,19529634 11,66161043 -2,21024
14,67179125 12,8627253 4,31944
17,16811893 6,313561576 -7,07705
-11,89717167 23,35487497 1,77895
-9,708616429 22,2413962 -0,95487
5,613970773 -14,32119395 -8,33752
13,31638326 8,558358028 -9,64901
-9,786602956 22,68580686 -9,46092
6,271167595 -13,34229327 -3,40703
12,70244785 9,955440059 -6,7097
2,642943872 -9,503367541 -7,56352
-11,47779936 17,05411341 8,72058
1,063950061 -12,74532862 -9,01831
7,115353873 -8,938750775 -8,29131
11,58147219 9,883171835 4,89174
14,13052498 10,776456 -8,52036
15,82966459 6,830426711 -4,10508
11,78342541 9,607420765 -1,76115
13,9385373 10,91681095 0,48833
11,71013155 10,23467469 0,15547
5,554683973 -6,234303444 4,99478
9,776299436 -9,654304476 -1,26473
7,347400631 -13,09585751 0,20945
4,363065956 -8,07919409 2,79444
4,83936249 -6,573602997 -5,9037
4,270460227 -8,318097615 8,22072
7,819618907 -7,816007477 1,58124
2,424716957 -7,65295227 -7,16331
-9,052718998 18,04789542 -1,40569
-8,331335138 17,04985657 -6,04275
47,681006 19,21444848 -6,03111
-14,17781992 19,85993204 -6,13532
19,07299217 13,25480292 0,16474
2,969310329 -9,894250764 1,56331
16,30809748 14,3967061 4,4379
-12,90104785 18,81846152 -9,97169
6,566973334 -6,967939047 7,64965
-7,140043821 22,75605796 0,953
19,5769012 13,07665805 -5,68111
-6,463111418 20,6348704 -0,83674
8,291347761 -9,363928375 5,3974
17,28237463 10,02687012 -9,16737
-9,66702857 25,52537585 -7,25482
-5,168864382 22,58002412 -8,17107
-10,40638507 22,56140355 -4,39583
8,196531225 -14,77167792 -8,10193
6,721571728 -23,60296816 0,32523
-5,826324748 19,84505378 6,95118
19,43096141 12,63578592 2,15406
2,681518624 -14,64016512 3,39794
17,960212 9,134185876 6,09008
3,313904292 -7,247815645 5,7828
-7,073015831 18,70717045 4,30379
13,98117358 9,168208385 2,17759
4,306684219 -11,33114256 -3,87708
8,274507704 -7,920496548 -9,26772
11,99349709 12,41124755 4,46107
7,811162296 -6,623466327 0,13711
5,227231496 -8,725052613 -7,05383
18,99330348 8,986735742 -5,7263
18,13156733 7,033395288 -1,83363
-5,599989633 21,60797576 -5,18372
-8,874724677 20,26359384 2,31655
-13,55447367 18,08032584 -9,99718
15,11363916 14,78479651 7,33078
12,31003452 9,972010579 2,25102
6,783854268 -7,167428063 5,16326
-9,781436509 23,7575903 1,03331
2,935480447 -7,340157855 5,36629
19,39573857 13,59603627 3,65057
-5,9421899 19,75316156 6,34544
7,906956928 -7,848698018 -0,11574
4,274624542 -6,42908705 1,6464
-8,448240384 16,79308533 -7,60683
13,14396694 11,27943331 6,38097
-11,1596409 16,99883047 2,58236
16,71042888 12,29454466 -3,16836
4,938616849 -6,879920848 -1,76903
5,245133422 -15,36452091 1,53706
12,65705283 11,01481899 1,02266
-9,569795542 20,78403699 -4,02459
-12,94628206 17,36772823 -8,99995
6,889427317 -13,62581495 4,97298
-9,40700061 21,25665033 -1,80071
4,286160123 -11,59649581 -3,53773
-10,5978273 22,11946866 -5,07865
7,547715759 -6,532961562 -9,6806
17,41575075 10,64332642 2,17407
19,00641331 9,666023177 5,17125
7,779146265 -12,61993724 -0,06566
10,18377909 -12,51273696 3,92003
14,41999423 8,634181715 -4,60661
-9,590168073 17,09603935 4,2034
5,715976796 -12,71859449 -6,62185
18,3030743 8,742414956 6,55463
1,511295 -10,44944281 1,31316
-10,79156647 24,82006431 -7,28884
12,03653173 11,90324451 1,03775
-9,506959447 24,79463744 -1,81699
4,98924704 -15,29535887 5,35872
5,988784897 -12,57115481 -1,33292
-10,83545208 23,99457189 -9,75989
-9,357727962 23,47175251 3,0859
-8,214045008 23,96882542 0,61327
-12,84328943 23,73362184 -6,88207
16,29081678 10,83084426 1,32681
15,51791934 11,6526253 -1,94507
15,61042977 14,55320702 -6,33843
5,030895781 -6,519903697 8,08142
14,27947811 7,200955847 -4,3154
17,8336757 9,716118309 8,31003
-6,932283611 18,62385142 6,63547
19,28223833 9,020642152 5,39319
19,14862382 9,267215504 -8,09391
16,56849754 6,176050782 0,01403
12,05833628 8,430555538 6,89847
7,485454337 -13,71396811 2,09019
-8,264595576 20,40646684 -6,04194
3,352548649 -9,015826308 -8,64509
-5,427389868 22,87249628 -7,24229
-8,443562315 25,40469075 -9,48896
16,35476518 11,02417586 7,89849
-12,75089861 24,289224 -6,18111
-6,053114623 20,23694865 4,51562
13,19008793 7,011128451 -9,32509
6,842593256 -7,852054413 1,66281
-6,775115827 16,87066829 8,57765
8,461994698 -8,284612656 4,85498
-10,0683163 25,41973264 -6,857
9,730271018 -8,782738876 -0,69941
-10,37786984 18,19334863 -4,03876
-8,569293474 24,63121465 -8,57971
-9,778824092 24,21455744 -2,54901
8,72026186 -7,840179925 -4,35362
17,88403305 9,487026777 1,35797
-7,986262515 -23,3315779 -0,05705
19,3946992 10,92247955 -5,8831
9,269061969 -7,720107522 -6,53585
17,08217526 6,84165833 -2,2483
-7,082900939 20,3772746 7,22348
-11,3204586 17,43407366 4,30596
15,51627465 14,8945957 8,81535
18,17868696 12,00839173 -1,6551
18,25807592 14,13172381 -7,48781
12,91653205 12,52133347 1,22445
4,599775394 -12,4376899 2,95928
-8,250350309 20,91646371 6,35541
16,23771841 8,767305522 -1,18229
4,228899479 -15,2175841 0,16684
18,90789286 10,21911283 -9,27552
-9,531870197 18,30496765 5,86016
13,33827231 7,592067309 -9,22674
-11,7581044 17,84991793 -2,17378
17,78263257 7,724112391 0,41815
1,959215649 -8,152373889 6,51883
4,464831238 -8,765989151 -7,20967
1,015346921 -11,05896628 -5,17993
-9,015734289 24,41341994 -9,55585
13,33397427 15,02649305 0,25931
-12,07175076 23,46358815 2,73922
16,01408829 15,54710681 4,67201
8,304042357 -7,134450446 -6,48545
-9,789255787 23,10119748 -2,09441
16,26643578 6,590813283 7,56266
19,95510526 10,07111754 -2,89239
13,97727412 11,56321453 4,4321
13,91566062 13,22121748 8,63081
-10,24508108 19,87690039 -9,12929
-5,14582186 20,53099602 -2,89982
-10,18189275 24,20024745 5,60194
-9,889346272 23,85529564 -3,12402
2,739005223 -7,437670807 -2,14183
7,341793438 -12,58947151 -6,03188
6,011068523 -10,62869502 0,16643
8,320307882 -13,89742098 -4,329
7,652551962 -12,42408937 8,53576
-12,01300441 18,75297693 -6,05627
16,09773649 14,10387479 -1,36583
17,18589835 13,34005172 -7,07618
1,344256677 -11,89934268 -7,6195
17,71270222 9,700991245 5,69785
7,963230597 -14,0237572 -3,65406
11,16388336 12,42051799 1,10304
-11,14192282 23,42770199 8,82173
-6,905667147 18,02853048 0,97654
7,341435436 -11,66426048 7,06505
15,62535007 13,66980816 7,92604
-10,2231708 16,26274282 8,56961
-13,08466984 18,62473532 0,15707
-6,071707039 23,46155928 1,74669
44,01820058 -29,82575498 -4,4865
2,549930409 -7,370627654 -0,30616
17,65312576 10,06668669 -0,32208
3,995924265 -10,06799218 2,55767
15,75983825 15,19465969 -6,73304
19,77884773 11,31682996 7,18215
19,47022272 12,58643368 5,57738
-5,778534451 22,51446787 -5,00489
-5,736078049 23,28575752 -7,25156
12,05557794 8,615184912 -5,71551
-5,092257404 22,95105422 6,2733
-8,858213376 21,82206127 -4,04088
-7,931392647 16,85281553 -8,92532
-13,00703179 22,75295848 5,34296
16,97311847 7,954235946 -5,73061
18,60405264 12,29340247 -2,88154
16,43097938 13,73161542 -3,30274
7,952782605 -10,10154345 1,34411
16,29769832 7,539622321 4,94386
-9,717670133 23,96390112 2,44657
19,12621649 11,6909708 1,16077
1,842614307 -10,33477053 -1,75833
-10,95056923 24,58775217 -2,06664
-9,946132157 19,74714583 -9,22296
5,646696759 -15,19843387 -0,33965
-10,79153744 25,07193257 -8,4993
12,50766593 11,50177427 -8,98351
-7,589175943 19,30731476 5,51754
15,27621191 6,006901112 -4,35614
-5,679129278 17,83753024 -5,88102
16,72504976 13,65966497 2,92152
7,765912449 -14,48060735 -8,24052
15,69827773 9,534355639 -6,95642
16,32051434 10,58483907 -7,14366
3,885095303 -14,34996356 -7,96317
-8,965825014 15,99884209 -7,14658
1,088724594 -8,859770975 -2,34403
11,70887485 9,221687022 -1,30179
16,71121063 15,62891584 -9,73855
12,71403594 9,750484946 5,24807
11,72877733 13,46123613 4,81753
-9,892939631 16,76484275 -4,13644
-11,3356924 18,51659365 -4,6166
14,55324244 15,33611119 -5,92768
5,628783664 -10,65544388 -0,17051
17,33978675 7,386184769 3,73197
-9,724114181 24,86251076 -1,02429
15,03135772 12,80162393 -1,97067
-9,257419161 21,65643502 5,69254
-33,96339381 21,08698873 -0,91267
-6,624411348 22,78286936 -8,74554
17,05106815 15,19602874 -5,55979
14,08091086 15,36306413 6,97397
14,99340018 10,39076509 -7,12626
-5,690108345 22,16034854 7,60662
-9,787359023 17,8225609 -7,89814
-5,038951434 19,76515148 -6,72716
-8,925463832 19,02932306 -7,25449
-6,705803683 22,00298998 -7,36211
-10,33131122 16,72858271 -5,20185
15,25467678 7,42861957 -4,06471
5,581180084 -12,81680917 -7,76499
15,36638966 10,06660134 8,81601
-6,576166747 17,05026768 -2,71261
13,85976466 10,83940822 -4,96323
8,054151573 -10,75047739 8,74225
14,96719384 13,51028287 2,78021
15,57677303 12,82578482 8,59782
2,463480996 -9,545473149 8,71325
7,496241459 -7,404758878 -8,65294
20,07132511 11,66175589 4,18591
-7,538843914 20,81898701 -0,68308
18,03707999 8,270480917 3,80275
-9,577537204 21,53417373 -0,94361
12,04808335 9,516716139 -4,61805
-5,650111473 22,51448088 -8,95338
-5,574290159 22,22060941 -8,92072
9,563230077 -10,72993078 -8,46415
14,96266124 9,443913836 5,33592
-13,38072347 19,96918195 -8,29531
-7,889938593 21,52724417 -9,13266
17,76766756 7,370131316 -6,15059
10,08253361 -9,802415705 7,35363
4,437153363 -13,51830437 1,19233
5,942679213 -12,37273649 3,0163
3,276595026 -13,56508243 -3,02804
4,874081209 -13,06875182 -4,9997
-9,611689159 23,54118744 -5,37391
-9,99094564 16,46437246 -8,88635
17,74366875 12,86549694 -7,66353
-13,6523579 22,78304434 -2,25075
-7,216462498 18,71854004 -2,06541
-7,124613321 16,65683179 -2,04008
-12,44412158 24,25492913 -6,61574
13,1162747 8,949794821 0,28638
-5,983497418 22,02954709 -9,48274
15,86896516 10,06653248 -5,57763
6,057956304 -11,69236785 2,99526
9,874219386 -10,75119132 -7,03622
-10,62177927 23,33083633 5,48964
20,39245337 10,66325719 -0,78671
6,922868291 -13,91921661 -7,35092
17,10368633 7,669749644 0,92871
-13,14284225 22,81281789 -6,54772
-9,301817359 22,77914186 -5,45955
-6,773670464 21,26412251 -7,0675
1,120362016 -12,21084185 7,78686
-10,19126374 24,01556731 -7,0154
-10,71098155 19,42499775 2,78652
1,475414885 -9,977535218 -0,43749
6,681751243 -13,56258499 5,60562
16,47185078 7,980005016 0,58181
-11,05969538 24,36093479 -8,32378
5,736238325 -11,77928098 7,79318
-6,875767537 16,93488906 -5,54969
7,179461176 -8,183177392 5,2323
-10,5317607 21,58204784 5,17266
10,04999551 -10,86915656 -7,14058
-11,65742446 18,75931734 -7,30389
7,080655876 -12,25932691 2,86975
14,83499479 6,53384236 1,16073
3,738758888 -10,68767936 1,75033
-5,519152099 18,2619283 -6,86467
8,425057716 -13,02735799 4,03742
15,47283264 12,15519847 5,89433
6,048269408 -7,100245122 -3,86725
-12,02534714 21,0497418 8,15435
-8,259383536 25,03877399 -3,83857
14,35880371 10,88017935 -8,79488
-11,59780953 19,95470417 -8,32605
16,71556208 6,794798873 -5,31177
4,498310842 -7,443651858 -8,26758
3,648995968 -14,71227702 -9,66233
11,30266322 10,68099205 3,03096
12,20507426 11,5731563 -6,27288
19,71793471 12,99961547 -3,90139
-7,363316465 18,06349102 -3,35521
8,019628728 -11,67365943 5,90634
16,66472998 15,19900471 -4,32215
-13,73723377 20,15163189 -7,04278
13,65337149 11,77529651 -2,16745
-5,276661685 21,88518596 -0,25133
3,792189417 -7,865641286 -8,28468
-9,553436653 22,4950963 7,57864
11,68639423 10,33677398 -4,03096
13,79345254 9,911690642 3,55352
13,37453782 11,38462474 8,0047
-9,176726634 23,728486 -0,55219
4,235157031 -12,56919066 -6,18739
16,67404126 15,27660423 5,44956
0,880370364 -10,14323953 4,60876
17,62877263 12,3546544 3,38613
2,895137905 -9,765209055 8,60644
-9,449743712 22,23205175 7,8981
7,941406045 -8,539767302 -9,49533
16,38939874 13,34281514 -3,05725
17,27095668 15,05672224 3,82221
-8,685409767 23,01522454 -5,06099
17,30121975 8,394566572 8,2359
9,599792164 -10,38699543 8,81148
6,043957896 -14,59244301 -8,88336
5,496319476 -26,25357565 -6,98903
2,630770365 -14,86479556 -7,67845
2,588992935 -12,62874481 -7,77797
7,635006239 -10,93028795 6,0067
14,80244784 10,25509366 8,80429
7,530689116 -9,913726445 0,37718
14,91882899 6,330998041 -8,36378
4,96658291 -6,964139244 -3,74646
17,16871923 14,16539745 3,65479
9,983014095 -12,24876703 8,85927
-12,29789103 21,63606844 -4,02278
16,77086776 10,63934442 -6,7945
2,569017878 -11,39897535 -0,89113
19,36514617 10,78191729 7,10567
15,94782692 9,726458694 -9,22547
-10,00357291 22,34426879 -9,82416
14,94992078 10,45726515 6,04575
-13,28202822 22,44301667 1,87189
18,5833052 12,83485363 -9,28688
17,79988134 9,787670817 -2,93594
1,87057547 -9,700594629 1,87208
16,03308254 10,10034028 -7,74983
4,66796476 -10,292121 2,74783
-11,91037218 17,89801894 -3,83821
13,29965306 8,162857336 -1,76855
11,26741806 11,79925476 -8,21227
17,36848674 8,742894857 -9,5288
7,446921 -8,67364576 -3,92718
-8,468422762 21,1653413 -3,98739
17,28576351 15,12947434 -8,48414
-6,537707511 18,5495294 8,94886
-8,410215718 17,68636825 -9,60553
-13,64570791 22,83422211 0,643
20,16520422 10,11373499 -4,04688
13,7829694 14,80809723 -8,28232
19,53158671 10,080572 -0,68103
8,050314406 -11,17226172 -4,7353
-4,64524627 20,86879425 -2,72501
14,89927908 6,136726716 -0,41761
6,376465211 -15,77810472 2,66629
12,64926227 9,455030447 -9,32293
16,42984998 10,36969582 5,56674
-6,032009418 24,2969195 0,55731
2,017569377 -13,44668137 7,9078
-11,01047835 19,5393984 -6,09086
7,347168284 -13,10879049 -0,18673
9,84122859 -9,655555392 7,09281
3,840773057 -11,27867701 8,45131
7,095990406 -9,714963475 -3,77668
-10,46535333 25,53969176 -3,05771
-9,964236451 22,0348972 -0,85555
3,64307303 -7,72933863 -1,24045
14,84785647 13,62089757 6,17191
-8,627811908 17,39114439 -8,97994
7,688463984 -14,44263038 2,93156
-6,885457 21,51646707 7,34098
-8,552893434 17,49623114 -2,68927
12,29674381 11,77378478 2,58945
18,65867532 14,17456078 7,03866
-7,593844112 17,48612178 -4,7278
12,98700214 10,34919384 -4,0759
-12,94437277 21,16524052 -2,87243
-8,704800213 18,442899 -9,57634
3,445498588 -9,845512852 7,50899
-7,780934482 24,5872745 -3,20318
16,1423993 10,45819317 8,44907
17,99665451 11,82258474 6,71549
7,446830967 -8,65633495 5,79165
-9,532103034 22,2104059 0,20131
-8,641428118 23,61716642 -1,52442
-6,808779874 19,32011154 -1,14183
1,185980825 -9,832604547 -4,34568
14,41311386 12,98849934 7,71965
-9,316451418 18,15634615 4,19149
4,337601108 -10,22413979 -3,9188
12,02563853 8,579122056 2,34794
-12,28150316 20,89026695 -0,36227
5,086992002 -6,974386207 8,83532
12,86278352 9,817575646 2,40732
17,58577274 9,059377471 4,03304
16,60842641 11,83596691 -9,13272
2,072387304 -9,278525851 -7,49905
3,943113036 -9,190924864 -9,47631
-5,362834891 18,51058169 -8,53702
17,54834959 9,773123572 -5,50404
6,520206171 -15,64597669 3,72132
-13,52651017 18,10634426 6,3381
16,67504335 7,45719221 3,01068
-6,184385956 17,15554384 6,65051
14,13181534 7,048212494 3,78488
-11,36677642 25,02513383 -2,23499
4,295767297 -13,00288769 -1,76723
6,076167829 -9,851025597 8,60163
12,6087356 12,77287423 -0,11458
5,274786649 -15,8799425 -4,29713
3,002632868 -12,83001925 1,21445
11,07358151 10,31638533 -7,60713
16,87981368 12,64259391 -2,16431
12,89528609 9,318149274 -5,29864
16,54698898 14,81714606 7,27674
-6,074172719 24,38286241 -8,86522
-10,17799475 18,07528837 -7,08036
16,30928801 11,65981153 -5,38566
-12,15866463 20,97445805 8,31418
11,16454532 9,956744189 4,8603
7,897519173 -8,467833882 -9,94813
-7,560592698 22,49213081 4,22684
19,60543038 9,931894598 7,55719
1,094238876 -9,29972508 4,51836
-12,96170463 23,76683937 0,01385
10,8572239 9,473337272 -6,98842
5,190371471 -11,52667709 -5,30323
4,927296461 -7,732118932 5,19738
8,349207441 -12,03910894 -5,37393
8,417179079 -10,11665895 3,06965
10,30493232 -10,81791496 2,51875
14,62713779 6,644773245 7,49351
6,446876019 -11,52666875 -7,19036
11,90142871 12,57327539 5,49537
15,14611332 8,839036983 4,37123
5,91913227 -7,755053941 1,97729
4,8812428 -15,83881244 1,00119
1,084538263 -10,96230683 -8,97474
4,820059656 -11,1994225 -8,52021
14,38603394 6,57650008 0,61128
-8,959628084 22,3812912 4,69236
17,78269267 13,4065717 -9,43578
-12,99287805 19,73797893 5,42065
15,80031231 12,60038712 5,9123
-6,565619942 23,96978311 -0,34955
4,942162298 -11,53811021 1,92923
-10,32306982 19,01512799 5,09265
8,17271924 -13,81663953 -7,54811
-11,11453346 20,17366277 1,22191
-4,790850205 20,4774014 -4,01889
13,77638342 13,51909036 -9,37911
18,1187024 10,79672103 4,1049
-5,427989995 22,21122977 -0,83814
13,2716718 10,05547495 -1,2792
-9,622519628 23,43558895 -4,50186
14,17654185 6,228514068 -9,01926
-12,91552096 19,83297416 5,39127
-10,59482016 20,51062932 -1,21562
-11,02312199 23,44649608 -5,81378
6,605578294 -10,76569254 8,13375
5,141534662 -6,99754662 3,92484
-9,791972931 24,11099425 -6,0239
15,79078913 13,1874687 -4,69338
-7,437014867 20,83873638 4,31857
14,32195532 13,12283638 -7,42268
-11,68783791 24,63210011 -4,58267
5,279453848 -7,085590311 -1,01716
-7,103550654 19,36924423 0,30382
17,99688185 9,155475782 -3,73398
0,782323987 -11,69905196 -9,9723
15,42819158 14,12815518 -5,76232
7,171410562 -12,98420515 1,96108
-10,07021157 24,31886774 2,84131
4,018469622 -11,86307697 -1,58692
12,00136538 10,45117309 -9,14174
-10,46985244 20,85539406 -6,03447
3,135687082 -6,779461627 -9,70519
-6,990707708 18,61157204 -4,39948
11,86706288 10,97384942 -6,02672
15,90433347 11,19637802 -8,23247
1,065204403 -10,31901875 -4,8955
12,29812486 11,9947531 -1,21129
9,993594871 -9,771919168 2,61102
-9,195258963 23,10607525 -7,86312
17,22917365 10,70658382 3,12878
6,768984501 -13,96820863 5,90021
16,17614489 13,26657855 8,79047
-13,98186427 20,05781008 -5,17378
3,264599473 -10,27132271 8,64303
20,22038459 9,616412213 -7,39716
17,09645729 12,49225349 -3,13624
3,61018447 -9,447424617 6,50195
-12,07097792 22,7906785 -9,49641
-5,492876618 20,16596124 -4,86558
-9,483182955 19,81485453 -8,25129
20,3212805 10,66244573 -0,87382
-8,01240083 21,38015052 -9,46144
-8,513786504 22,52012712 -7,42094
9,350766709 -12,5409937 0,63103
16,24150296 7,461006674 -1,56646
11,61124961 9,377772672 2,74561
18,6100294 12,51068829 -8,35599
18,18520891 9,3536532 2,12885
14,48894931 9,870130203 7,55121
2,373136353 -10,04882782 0,81232
14,56826302 15,11036323 3,26321
-7,614480681 24,07432652 3,01286
11,26308762 13,08217145 -7,9661
-6,793683445 17,79147065 7,48949
-11,63856924 21,94093441 -3,61018
18,76752862 11,99972571 7,90217
4,697421682 -8,168216101 -1,83763
-8,521313165 21,18992456 1,93536
-7,566397604 17,38112132 -4,15887
12,04804146 12,8715931 -9,14859
-9,815778181 22,90727087 7,95569
-9,413723856 22,09013154 2,82862
-12,59330522 20,29852285 1,05681
2,17955988 -12,18299024 -5,84202
-8,849548925 18,54132629 -9,06645
4,366522 -8,66234058 -6,143
2,040295332 -10,70463944 5,7468
2,701718849 -14,58104632 0,31883
5,757954265 -11,94026314 0,43794
6,69355584 -11,66398539 -2,19936
6,72420255 -14,35231638 2,61367
15,17939382 6,49098522 3,4077
1,288738635 -12,1372502 3,73066
-7,125830595 24,15557585 -5,67134
-8,750929429 24,00147273 -8,94907
-5,119187334 22,24486318 -6,46845
-8,075439868 16,44527006 -2,4665
19,2302644 7,935412512 -0,10819
1,581555618 -8,399402868 0,43574
-10,2049743 16,82097794 -7,35969
-11,23732736 23,92966115 4,7326
18,34956634 7,257547457 5,44321
-8,767882902 24,42500001 4,74689
-8,942258642 21,86876022 -2,75233
2,069745557 -12,49726962 -2,24808
0,902669279 -12,20523649 -5,20724
14,05131576 15,1440144 -5,22296
-6,005744354 23,69141584 2,18099
16,06200808 12,58760643 -6,46194
13,9688763 10,89792035 2,25955
12,83526006 11,81679461 -8,77588
17,86543245 6,637982063 7,01099
16,32020644 8,876072077 -1,30021
-11,17676442 24,48186456 -5,7856
12,65138946 7,594643263 6,8184
14,97820648 12,31444828 -6,5411
1,867153874 29,42617479 -2,35533
5,624986184 -10,13040483 -7,67807
13,1812593 9,192100517 -8,68493
3,309103595 -6,844581314 -5,30892
-14,1316156 19,59450488 2,25152
10,31919926 -9,488957415 -0,9188
17,69941054 7,733357955 -3,9156
3,870231362 -14,69581925 2,89849
13,80975844 13,14575597 7,36267
2,230654209 -9,676986387 -3,06584
16,03090453 14,91524386 4,32836
-10,15342775 19,69049554 -9,23175
-9,86117314 17,89995681 7,90559
13,04243413 10,56695959 -0,38919
17,69634915 7,783437636 1,47524
-12,4220482 23,32524399 -5,51395
-4,974289999 20,65642068 6,49646
-10,867263 22,71327865 -3,11144
-7,175048256 19,04948755 -4,54739
-26,5160014 18,07653395 -6,04816
18,70629842 8,582850203 1,37379
-13,33441467 23,58566728 4,89791
9,427237671 -13,78073484 -6,07292
18,37044457 13,36991806 -6,45141
6,742139487 -9,046040211 -8,19545
-9,984849317 23,06847535 -4,45961
18,76765234 14,56499136 4,60111
12,30623027 7,291454429 -9,39044
2,528104826 -8,373102126 6,24602
6,279874368 -13,38933778 -7,53934
7,089127769 -6,315548557 -9,57073
-6,699447828 19,58210811 -3,80364
6,979121236 -11,86608228 0,74502
7,480079289 -13,42779952 -4,44942
15,01043177 11,85544731 2,36416
-7,034662314 21,55559924 8,6104
14,79572116 9,401748171 0,30856
-8,468858236 21,33630049 0,50303
4,143439738 -8,267000286 -6,53775
5,360478654 -8,481238563 6,03103
7,736362695 -9,919348608 0,03813
8,800237875 -9,074548094 -8,82758
18,42608033 12,55721115 -5,61609
16,5946674 15,5041242 1,76518
12,07807212 7,876434184 -4,76758
15,57710361 15,66789568 2,56298
-9,359954379 19,95680708 -9,69121
13,46169154 8,565580471 1,19537
5,608319713 -7,638106705 4,14069
18,75705129 10,91785592 8,67077
-7,959676187 23,9332793 -3,13765
-12,02249853 18,38805502 6,35628
-10,30567763 20,84766026 -7,5913
18,07092496 8,149944682 -6,18165
3,118181166 -14,44772772 -2,93907
15,55553521 11,23831205 -1,40507
7,315865193 -8,042604538 7,30647
14,26579814 12,33740166 -1,66117
7,267786327 -11,38160656 8,02534
9,807341312 -12,40807793 1,07015
11,58422366 12,58949934 -2,64963
9,267821496 -11,72962813 4,19071
-9,241796641 22,37405163 3,6307
16,06503018 12,54702859 -6,50382
16,16983876 11,29429249 -4,44329
12,2819032 11,54866964 6,69648
-9,749748379 17,26269338 -8,01525
8,699571327 -11,04711405 5,22228
16,9727841 14,18531773 0,29872
-12,06950229 20,39567283 2,88502
-7,441172466 17,17296736 6,78673
14,62361518 9,560936123 1,82977
4,520341772 -12,0486388 -2,55186
3,351272247 -8,644354575 -2,29151
12,40218245 13,6769097 -0,3916
15,667162 14,37978679 -1,0689
18,16892598 6,595085118 0,05084
13,62679084 13,9677156 8,75415
16,98270767 14,77914316 -0,68944
-9,550610235 18,81436566 -1,06114
-7,16109893 16,3144302 -8,55938
10,35154503 -10,1695879 0,62534
2,648046496 -8,784438562 4,22443
10,93660591 10,77144138 -4,82308
12,61110526 14,46308188 3,09708
15,52288012 14,88168528 6,26529
-37,40888251 20,40224388 3,09418
9,573753477 -11,43004064 -2,65163
6,329269617 -11,64382079 -5,00415
4,639954641 -6,579255456 2,06851
6,841413751 -12,01606734 3,28745
-5,828238794 21,0097452 4,57285
-13,84087222 20,66052424 -6,85558
6,969865325 -7,589529604 -5,8639
18,57025846 12,87536951 -3,22729
20,29351773 12,11393452 -9,3647
3,356440949 -14,10215844 -5,15183
-9,693521707 24,12577566 -4,09119
-14,04367565 22,18264324 6,60289
17,81630736 11,6980118 8,22158
17,21941664 8,585243827 5,66573
-11,24148177 24,6574449 5,23823
-12,45370573 19,3589696 -5,46339
2,321011812 -10,56643456 -0,99711
12,41518324 7,633106437 -5,61899
19,6837175 8,665217954 -0,73383
16,62456153 12,88986049 0,12269
-12,82909352 21,61336882 -7,77532
6,951590336 -12,57636929 -4,90906
2,161166423 -12,19172637 -7,73866
8,116861264 -8,092899207 -9,91865
-5,490497979 20,31712513 7,41382
4,124126239 -12,16665432 -9,88609
-9,935295888 20,20174759 7,48988
-32,34345888 -24,39563594 8,0499
8,716116176 -11,74326732 -1,87711
-14,31765405 -19,81871317 4,10809
-10,96131914 25,14797552 -7,66739
18,82139639 7,590621063 3,36183
-5,023212161 21,83560727 0,05258
2,721406707 -12,709051 6,83487
3,770784499 -9,43580695 5,90501
-32,53085928 3,581926746 4,17251
-5,03922215 23,02428608 2,23598
6,647943409 -10,51664803 6,00513
13,43763341 13,98722731 -9,99949
5,69915573 -11,42908997 -9,89404
15,42282054 15,50636298 5,19575
11,67313287 7,899028546 -0,36087
14,7457856 7,535539239 -0,40531
-9,402074554 24,39578422 4,93597
-7,62207053 23,59412698 1,02064
18,13398879 8,335050548 0,57796
12,47328938 7,369042293 0,70649
3,919779867 -13,74415441 -1,37881
-13,55489703 23,11295444 -0,35483
6,923119228 -6,902171164 -4,35869
8,395349215 -14,07479573 -4,69172
6,956794734 -11,45614508 4,86856
7,998882738 -14,72342051 -6,31719
16,15729717 14,58104135 -1,80466
18,69061685 8,776489197 -2,80978
3,158123338 -7,651663645 -8,00477
3,834562755 -11,04180429 -5,94034
16,58845588 6,934970773 -7,1271
17,53394599 12,68963759 -5,25954
16,36418253 11,9322139 -5,84614
-9,869941165 25,36072281 7,59535
-5,84816097 23,60263793 -7,1682
2,763031097 -13,26871622 6,22454
-5,891695739 -27,63290916 -8,01895
19,81495266 8,439004376 4,23168
-7,358065039 18,43791214 2,98599
-4,825214088 22,77260801 8,40637
7,676373776 -12,22137719 4,8489
16,35859997 12,99797761 3,99592
4,914180134 -12,38608323 -8,12869
-7,472359739 23,05152983 -8,54408
-6,992855535 24,78141912 4,44268
10,06646021 -9,489376403 -8,8445
1,045527116 -11,96689955 -1,85578
15,05588406 13,16053746 -9,59851
4,779299225 -6,952195266 -5,10689
10,04463525 -8,983488836 8,92736
12,29882404 7,928202235 -5,84476
10,0082954 -10,71476967 8,79099
-5,286227347 18,90826848 -3,08272
10,16055837 -9,764966526 -1,1621
43,0487401 -14,88416812 -6,02695
16,11322117 14,79841985 2,66797
11,98900881 9,529658839 -6,73014
6,587831244 -8,687349648 0,88584
-9,570133868 17,21872479 6,56982
8,31244322 -13,8100968 3,15888
-9,282926138 23,26489597 -1,98716
2,872897729 -13,76175413 -4,119
19,92572596 8,856844004 0,88552
17,12373005 14,22264388 -6,3213
-11,80855492 20,70406748 0,02572
5,602588368 -5,918294304 -7,34924
2,19747517 -13,93585123 3,32073
14,45035744 8,479036272 -1,50487
-8,19782338 18,54034074 8,22733
3,069314328 -7,661163601 -4,86763
7,724743901 -11,39053114 7,78324
-9,515951836 24,37961091 -2,92441
3,551470348 -10,89148326 3,01353
16,48375895 11,18970489 -5,12299
9,113238992 -14,28592399 7,35569
19,19548622 12,66676659 1,58364
4,128215765 -13,09436729 7,70129
15,95712837 11,6192213 -9,31778
7,957295751 -9,807401913 -0,92563
-9,758067721 21,45243423 8,40201
1,39066933 -13,229715 2,21062
19,12911824 9,889869298 3,23329
14,3008054 7,745832091 -2,40491
3,04676198 -10,90266398 4,66485
6,30103051 -8,432518783 -7,27353
12,95375612 7,401722993 -1,21083
19,31652176 11,46707034 -7,0108
4,525168728 -8,410473334 4,30559
1,677687328 -11,58925256 -5,68288
3,598803302 -9,65897288 7,47889
11,98277723 8,93594152 -8,64882
-10,82598046 21,72670136 -6,10595
-6,693145817 22,59489182 -2,56252
13,42848215 12,04458027 -4,28163
6,436873417 -7,916824651 1,56948
-11,54330816 21,75503541 2,12046
1,874890861 -10,07365573 -5,17704
2,658160876 -9,468472036 -9,0627
15,42125374 7,584929489 6,97015
-7,309510197 17,52850938 -7,68453
-10,24304444 24,30648746 -7,0351
1,14507969 -11,64715502 -8,70127
18,09169254 14,84891196 2,62513
8,137774785 -10,61813209 -7,25641
3,335365872 -10,89476497 -2,42755
-7,365661948 17,93991452 1,44326
17,36489269 10,51795156 6,955
6,57298565 -8,438519823 -0,18877
-10,95851437 18,56802418 -9,48143
-9,642048863 24,57061414 4,68283
-5,503297612 21,24874776 8,96881
9,026445793 -10,67994304 5,89883
-9,97562522 16,55184172 -4,22368
17,82862121 14,32804463 -9,81385
-9,658160489 21,45301108 3,75704
-12,70975877 21,72519138 5,5622
-9,341988089 20,71972119 -3,13843
-13,90632619 21,78916361 -7,30211
-12,1547119 21,18535272 -0,14749
3,7042179 -15,26146698 -1,42712
0,792396393 -11,71451204 -8,80302
12,27675726 9,11820959 7,69577
3,820689707 -6,587096573 -0,0739
-5,195276493 22,06847354 -6,02956
-11,29239515 21,92876124 -7,39863
18,1309094 8,865727903 -9,8742
-6,640779351 19,7055304 6,33045
8,198639901 -10,27574468 -9,16646
5,967949085 -11,7316495 6,02141
-9,123518661 21,88788782 0,20344
17,1520183 11,16241036 -5,38676
2,314157563 -14,68045668 8,90746
-6,719619532 22,63030477 -4,51987
16,97600287 8,436247093 -8,5652
11,81211711 7,964043201 -2,36677
17,05879538 11,78168299 6,28347
-9,976849056 24,27394689 -1,65463
-6,833439724 17,70749905 -2,4458
8,107152977 -13,75838808 -7,93356
-9,393015059 20,77411022 -2,35257
0,993275301 -11,43752704 7,61283
2,570343354 -14,66269403 1,35743
-9,100840423 22,00068655 6,33754
8,852690861 -11,54328166 8,54109
-11,98426035 18,41817052 4,80292
-9,253364574 19,02060553 7,01113
16,39372128 11,19999028 -0,79419
-7,439380309 16,97821829 -1,33227
-10,01229052 25,45739864 8,06409
15,46533619 7,588529076 3,57151
-10,46536486 23,46717782 6,00433
13,75712537 13,49310939 -4,24828
-10,18572471 21,43980618 3,85844
-5,981239382 20,60446049 -1,91298
-8,391713781 17,5714095 -9,24245
-13,34060345 23,76533663 -7,36218
9,63543821 -8,809761523 0,06352
-8,583481723 24,78570395 -6,72281
8,533725133 -9,82158243 1,80314
11,22649953 12,29862601 -2,53219
17,65714976 13,3938561 -6,61154
16,04048428 14,88712231 -2,16732
13,08405377 9,384940753 -4,11496
2,232857769 -9,652755459 2,97897
5,403391433 -14,58636327 3,43199
15,40310409 8,021659051 1,49132
8,283144298 -10,31005228 -6,21387
-9,664114595 24,58407571 8,85532
16,84389086 13,89905961 -0,56727
6,302580274 -12,4623838 3,40891
5,666076813 0,193752124 2,37451
-9,50887234 20,77898515 4,44489
5,309230093 -13,86286903 -2,86378
-6,266982765 17,96130371 -6,22364
-12,32475835 19,34255695 -6,10308
-11,18648808 16,6432421 6,37184
-28,30494055 20,35904993 -0,13725
16,6977821 9,42696973 -0,33523
16,79136313 12,22040309 -3,28049
13,8941535 11,84455105 4,48333
13,79267227 12,181788 -4,94636
9,652644881 -8,328356079 2,51615
-13,91589969 21,06089021 3,95856
13,2543437 9,202547109 -1,8093
5,078311522 -9,437129998 -5,44986
9,033101051 -10,4474309 7,78257
3,410175705 -12,06705669 0,31767
5,058539006 -9,466094374 -3,81703
4,274608125 -15,41208155 3,82856
13,77575376 14,0579046 4,82915
-10,74731358 24,38015491 7,13867
4,193171388 -12,74298385 -7,71788
6,666759775 -12,48584754 -9,69499
13,56410823 7,922745968 -6,58853
6,981190287 -10,26861695 -7,73908
18,53314677 9,049001962 -5,34952
-7,773288229 18,20514865 7,51069
-8,46118449 17,78705602 -1,41377
-11,97316976 22,59980524 -0,0142
-12,44944434 17,95067385 -2,46
13,66917709 9,854486083 6,51307
17,08457312 9,49056496 -9,01148
7,190668308 -15,59067714 -3,23972
-8,69834885 25,72366555 4,2762
-13,58631641 22,19660601 8,92975
14,53845422 7,44924712 1,56967
-6,788231501 21,05775555 1,50383
17,12344073 14,56848886 2,24751
-13,26047722 23,15801074 -7,63548
17,04245721 12,79231408 2,87356
16,9597983 10,13214409 -0,10365
11,28432574 13,1885581 0,74547
-7,801146367 19,56329829 -9,0849
-5,811478593 21,002208 5,03239
-7,26163885 24,85206456 -4,73381
-9,815544413 23,5005809 -2,94353
19,82074055 11,35468459 -6,42161
15,70171004 15,24685003 -1,68436
19,06187996 7,826622877 -0,72284
15,53995326 13,61152116 -0,57795
-10,68299244 19,62934232 -5,3079
7,957185742 -28,3653172 -6,03323
16,00835724 11,77810218 0,93888
-7,304672436 18,2977678 5,87424
7,36109028 -12,11884822 -8,65341
12,1116628 13,80469766 8,29786
-6,857222983 21,1360542 7,53132
5,678746216 -11,52252033 6,94736
6,878597802 -12,24451844 1,2482
-12,83207816 22,14326762 -3,15864
18,64585372 14,09207316 -8,04107
9,182477088 -10,62958142 -6,75303
6,946002265 -10,94551418 -6,44039
8,068452576 -9,236348542 -9,35366
7,135964665 -10,57327388 8,08816
12,24774989 12,15594269 4,94773
13,02334102 8,257020599 -8,92852
16,52930098 10,14081816 -4,43085
17,60509881 13,74899645 4,0741
-7,281914958 24,00215845 -6,93055
3,630525631 -11,13176981 -7,37547
-11,92143067 24,22209405 4,16585
17,33151047 7,335910186 -6,15612
3,546879456 -8,885850107 7,76799
4,413142255 -7,139918957 -1,15013
-11,77235272 17,54370196 -2,26175
18,36694943 14,14478627 7,28229
6,283377324 -10,04144961 -3,8399
3,70190559 -6,462888195 -8,61534
6,701866108 -13,48403685 8,26505
-5,408413009 1,319171598 -3,03083
16,46863689 6,324389669 0,56309
17,59777609 14,33577383 -6,20492
5,92335349 -7,370648466 7,39397
7,341931308 -13,17142007 1,53561
-4,597219552 20,17261009 8,77821
10,05661425 -11,31322104 -7,05637
-12,72263938 21,81976688 -6,01958
11,96294157 13,43549181 8,21979
-9,230868614 21,98811987 3,27482
7,794866902 -7,814148695 -6,07686
-7,880828132 16,22816524 7,45194
-10,90170108 20,13057859 5,23353
-11,47850301 23,37078467 -3,96659
-5,536928838 19,59567374 4,40291
12,62941604 13,1948552 -3,8568
5,434415726 -6,589332348 7,33339
-8,639630971 24,42526111 -3,77617
-10,75189768 23,44501668 1,78153
11,69811144 11,58730375 -7,03807
0,959962666 -11,54525256 -5,26345
3,2967482 -11,64875574 -8,86295
-12,77553186 23,65568421 2,55861
7,832111618 -8,294315818 2,87502
16,42192477 14,20048939 5,96189
-9,708100611 21,57281224 -7,12401
0,912852993 -10,08029476 -8,71732
13,55642085 7,167784187 3,57968
7,068221171 -15,55299498 0,95475
-10,8798293 23,18376167 -2,71313
-7,274558772 19,35600269 8,76209
2,798448489 -7,069861495 2,43601
5,128850958 -13,9026185 8,76446
14,65848152 8,009728068 8,26416
15,32779954 13,73081924 -1,57916
4,692409989 -13,41525438 -7,2088
5,986212126 -7,287148369 -8,95208
-9,303343296 20,29857597 5,22758
8,892722615 -8,609509661 5,89551
7,05137552 -7,280027104 6,93324
6,099041023 -10,91084423 -0,82792
17,65721355 7,44225658 -0,9781
7,223882151 -14,75431774 5,13925
14,24390325 10,47225532 7,5294
17,03801346 11,56190594 -0,86756
-6,868561917 18,9839997 -2,17945
3,077561578 -12,16212325 2,64291
7,253226175 -7,014243492 7,25698
16,49504122 12,80313975 -0,20831
-8,054757876 19,51368321 -5,43949
13,60686604 8,489624687 -7,05547
14,38851292 12,71245492 5,45836
-10,3462378 24,87774992 -8,95939
18,4069828 14,24060493 3,7822
16,18942282 7,76241479 4,46458
-8,342548849 16,945048 -6,9158
16,84311529 15,40244346 -6,02738
-5,99416339 24,09608619 -4,98502
-8,669823543 21,81687825 -3,39156
13,40702703 14,65153298 -4,34172
17,41889487 14,69592653 0,43834
5,349118062 -10,17313638 -3,06418
-12,47424171 17,06866172 -5,96664
19,37866297 11,36258412 8,77395
-6,118508075 19,49108487 -7,8641
14,71981386 15,0650846 5,1289
6,232839072 -13,09102015 -8,72161
-11,8678057 18,17854556 -0,46579
8,330989229 -9,734951168 -6,56
20,88179691 -19,13648107 -1,3535
-12,76198505 23,50095453 -2,46651
13,52953398 13,87661291 6,52177
3,745900949 -14,13712313 -3,99498
-5,953651637 21,10185196 0,33786
18,0616474 12,26831283 -1,70868
2,324853162 -11,67313493 8,77857
-7,35963464 20,75303032 0,76405
-5,200116604 18,14029769 1,56901
-11,90570229 17,50866255 -4,49888
17,17484094 9,913384838 -5,51988
19,72882475 13,61965705 -2,03395
17,72932978 12,42349206 -9,23533
16,31703651 14,29957191 8,5584
12,02744891 9,156754629 -0,36516
8,120142188 -10,73253037 -8,62491
-8,24088114 24,52884807 7,32037
-11,07281473 16,89034497 -6,63403
16,16125289 13,77615386 -9,87088
9,109854642 -9,415107604 0,50436
1,110465104 -12,4383595 -3
4,539965076 -8,294158177 -4,15067
-8,554325361 19,24759013 5,28604
-10,23009878 18,49360165 -5,31779
12,68613937 7,934537494 -2,76361
15,207331 11,79300497 1,25288
10,04548466 -12,78627467 -6,60608
1,747511492 -9,116124204 -4,30927
-11,51080474 22,94648304 8,59684
13,01778522 9,876512221 3,42775
1,549298766 -9,475844187 -7,86618
-6,520659896 23,55725401 0,33995
-12,58313103 23,3533762 0,52101
9,153661413 -13,58729135 3,59036
9,882027719 -8,757629106 3,50931
6,046646558 -8,086011018 8,61925
-7,803562108 17,0783464 6,93091
-8,43666668 20,962541 -3,24945
-10,59140564 23,66448647 -1,38423
19,16468146 9,195251633 -6,84978
15,09197529 14,41722938 -7,25868
-9,902685381 16,18198174 -9,51629
-8,90670205 17,2544847 5,47561
7,543348038 -13,53253097 -3,14254
15,89296452 6,465874295 7,61193
7,63544441 -12,27282763 -5,07952
-12,08316101 22,92782378 6,24299
17,82558166 7,934854673 3,66549
-37,35309561 22,68139665 -1,08108
-32,55705844 -25,49127262 0,3832
4,764087041 -8,679050613 -6,82429
20,19462529 10,88683105 -8,745
-11,00446008 20,65423883 -9,89225
15,8910747 13,79864104 -1,99922
15,70393623 13,54620214 8,09669
-13,31486235 18,84201136 -6,38931
17,66689616 11,79490765 1,82654
18,86686141 8,997406854 -0,54884
5,514313384 -12,76207407 6,87431
6,820380618 -10,1417349 6,31086
15,8203061 11,41610035 -6,58756
7,316390986 -10,56495655 5,58376
-12,38390486 23,71302882 0,57087
-6,761583991 21,90230108 -9,09862
17,77067736 13,17049739 -6,92166
-10,36534806 25,18597556 -1,7902
-13,14127673 21,70402018 7,53843
18,55483491 8,72653774 -3,44738
-12,28864073 23,39908258 -4,48565
2,040989814 -14,18754751 -5,14122
-6,552443498 24,61978975 -0,16302
2,263849108 -7,862799524 -5,23296
1,794194379 -12,18260221 1,41285
-15,68084706 -29,17730375 5,70479
1,226167324 -9,821208384 -6,48159
14,1458469 6,704031046 -9,61888
13,06362292 8,287993004 -6,69237
9,570570592 -10,85178353 -9,5737
14,58983994 11,15109863 -3,4916
-10,0399138 23,53553713 8,55039
5,95267995 -15,55125783 -1,08346
12,45099537 10,45040789 8,49952
-7,763662521 18,86386042 0,05028
-6,349335311 24,57320193 7,289
4,851050615 -11,42556414 -1,46362
-7,77386613 17,53377118 -6,16495
6,929999971 -8,53589049 5,44267
6,277895339 -7,745079241 -2,49062
1,707450426 -10,65356767 -0,32219
13,09430969 9,336048035 5,15336
7,657597329 -14,54566978 8,36938
-7,155822369 24,53000784 5,72578
13,46224587 14,91506595 -7,9384
5,9582273 -9,551043474 -1,60679
18,91962515 13,23333511 1,46278
5,901291346 -13,37567491 2,01223
11,25105775 12,21333029 -1,3652
2,725920971 -9,574920585 -6,74189
-11,19221989 17,42587319 -0,66096
-12,07242444 17,19162569 -1,0926
-6,67300417 17,63000848 -7,1271
-7,922005541 23,95134532 -5,00514
7,314703563 -8,973516203 -5,72712
-13,90686763 18,65455411 1,67215
4,233450213 -8,861668945 -4,55659
5,361040126 -11,24147938 -9,8754
13,79438835 10,62207376 -7,38584
-8,844814137 23,4675622 -6,37124
7,78105448 -8,018577124 5,59957
11,90885104 12,6861344 -1,80337
-9,233136069 22,65547749 6,47521
-10,98972033 18,99270339 3,56779
-7,96683807 20,47977812 -5,55916
-15,24395774 -27,05779479 -2,93245
-7,482575812 22,04947851 -7,833
-8,23289629 22,57515088 -5,60623
17,7291578 14,00052473 4,80642
4,907242411 -12,9487553 6,53241
1,83878856 -9,978298312 -5,41563
7,700147404 -14,94332519 -4,481
6,828325833 -7,17884235 -8,93352
15,06045634 7,640063357 6,39272
-6,70580715 16,7725377 -6,39967
6,857000808 -15,13673331 -7,50782
3,09368839 -8,235125837 -7,2864
-10,78327281 20,33580024 -4,0356
-4,740089868 19,42534271 -6,96026
-44,57998673 0,523076627 3,9817
-6,437324801 23,36322371 -0,48406
8,693121449 -13,82151942 0,01353
12,28272471 13,13911897 -3,26618
12,56624387 13,48291593 0,3645
19,3165571 11,69231818 -9,50849
14,87983388 11,12873625 7,32186
7,405488944 -7,394549352 0,92989
14,11693196 7,439023483 4,44945
18,50040939 12,31808672 6,88368
17,73814007 6,821926805 4,85995
14,9980203 15,60867385 3,76432
-5,846734184 17,88348554 -6,9456
6,457089716 -6,030435189 -6,49262
2,001388712 -9,710362322 5,22275
3,668856647 -9,101339595 -7,3618
-16,97264718 3,242288795 -8,19126
-5,043784034 20,45204623 0,22221
14,00037324 13,32930091 7,97588
-11,03724315 16,52896839 1,76117
3,958344406 -12,59502978 5,87083
9,873939642 -10,40801749 -7,98422
-9,17373828 19,22330254 8,55814
-9,741086392 23,62250982 2,01884
8,711210102 -11,24636584 -1,96664
17,20998983 14,31495038 0,16365
15,78775502 14,64515725 -7,40522
17,68215155 7,557130914 7,10776
6,893876597 -10,26504968 4,2431
6,458039853 -6,916509981 6,94984
-7,768488239 20,3763883 -2,77593
18,49284522 12,50407606 -7,08356
18,05735 12,61344571 1,45588
-12,23924157 23,80817827 -6,62599
-10,15082003 23,99730606 2,42695
7,800975974 -14,31848439 8,65189
4,64367145 -13,7292972 0,96461
-13,76558783 23,13152394 -8,5334
17,23310968 7,359209603 6,8823
18,2945355 6,617555551 0,87508
-7,695648496 25,29274144 -6,2338
17,9389285 10,73068865 0,69306
17,47534958 7,441092595 4,84577
7,239210764 -13,91720528 0,861
4,733787554 -13,72591314 -2,61572
3,31429121 -8,371071873 2,24543
15,3683044 12,03657977 -1,7063
14,21041824 13,67362093 -3,3749
14,06505645 12,62430184 -2,56004
14,58493673 11,67300185 -1,49059
1,701771632 -11,55194428 -4,64197
-9,056236274 23,97238941 -1,99288
4,778568982 -7,910768217 -8,13873
-11,05558243 21,2564958 -6,58175
15,62741695 10,80397592 4,497
2,128849289 -9,352960124 -1,26836
1,57496875 -13,88486762 -3,66427
-8,679777574 22,0446902 -3,08832
-13,14182313 20,65848949 7,34097
2,950648271 -8,605133056 -9,79002
-13,33028379 19,61388137 -1,19685
1,578093684 -12,16407848 -4,95122
11,05368935 10,598379 -0,26786
19,47194652 13,31629859 2,04329
17,13127977 15,33087697 -5,18132
11,60553219 10,99233354 -6,32948
-16,52090112 12,31874718 4,53832
-11,47874284 16,27450218 0,96557
10,17840983 -10,57570569 -2,26431
1,304390755 -9,649674701 4,12069
4,536436311 -13,49583708 -0,11177
13,68384114 7,090591507 -7,93149
-12,33576469 24,01968025 1,07572
5,255901606 -12,19225345 -3,25624
9,082975139 -13,52678973 -8,29427
17,75239743 14,78483456 -8,70834
15,72939561 11,58150686 -3,74053
-8,268306884 16,56495289 7,07174
6,223000064 -10,0360518 3,25136
20,0359957 12,9156646 -1,16086
7,204802994 -12,50142823 -7,06735
16,47323026 11,61935206 8,32197
5,734781508 -12,30511707 8,31784
16,32056661 9,366527512 2,05608
5,355569654 -7,692729738 1,35783
16,72956967 12,08158922 4,23971
17,461244 6,486127516 5,6616
14,53632234 6,336092249 4,84706
17,09933605 7,443969954 -3,52703
16,8587179 12,72222953 5,23549
-33,61156319 -9,833753787 -0,70386
17,29851551 7,575659813 1,31418
-11,25034901 17,8721966 -8,29347
6,07325605 -12,34348669 -9,10235
3,929505031 -14,5731641 -8,15846
5,676820761 -10,98796149 -0,03662
18,81463165 13,28260251 5,3948
14,94542614 14,10651712 -1,14125
12,50420077 7,254845882 -7,09466
-12,57484718 19,13807395 5,99483
-9,867628466 16,06268564 8,67925
9,135888824 -7,503570206 0,44337
7,212261402 -8,393637871 -3,55793
15,26357468 12,59489301 7,81205
45,71511546 4,582035437 7,42132
17,26535042 14,96674732 -1,4447
10,92461447 10,3420269 3,65037
-13,18893719 20,34270581 -2,96513
-13,64661143 22,41004282 -6,43416
12,92022719 14,84189714 0,40394
13,2394751 6,687790263 -3,45534
-26,64370003 -15,26132441 -4,16187
-8,608939817 25,03481022 -4,68501
29,00416482 21,46604632 -4,67513
-12,93734912 17,9453285 6,63729
-10,95684518 25,42744355 4,99437
18,0008835 11,08519186 -5,83878
8,561490623 -11,91704424 -8,94612
4,556484581 -13,27550058 0,24006
8,860986568 -12,58536129 1,55155
-8,517606511 18,34162905 -3,67703
2,84475749 -7,014440844 -2,70553
-7,365133254 21,87296906 7,95905
-12,32750645 18,40839911 -0,20958
-10,39298218 19,84713479 -5,428
1,564013833 -8,117299438 8,1047
-46,33981901 20,67286357 -7,08629
10,22344788 -12,11951709 3,04854
-12,67391586 19,60934153 -2,02849
13,37597057 10,15852967 1,21194
-11,62295295 16,56225999 0,54773
20,21928512 9,685643096 0,58118
17,04805412 11,14691867 -2,83089
12,11785632 10,89743576 -0,15841
-11,93694826 20,18428083 7,12995
-9,640263579 21,76104201 -1,18548
0,761395075 -11,19019886 -8,32379
14,2717211 8,496440484 0,63353
11,19798938 9,324720945 -2,27272
1,52442832 -8,157630645 -1,79889
16,58660092 12,40389291 5,60503
-6,500582285 21,42964044 -7,77952
1,37588078 -11,01954192 6,60708
-9,713681661 21,99419401 -3,81037
15,01643346 13,45621678 4,04879
15,36247814 14,59723268 -1,60035
14,14871927 8,88251503 -6,72163
-9,583204229 25,22879117 -5,05623
13,157817 12,16054262 2,30137
14,34211049 14,85457374 5,77127
-11,37469544 21,44275589 -6,94141
13,70279567 8,583238438 -8,46285
18,10740141 6,588194757 -4,98924
5,338187185 -7,780626127 -5,38881
-10,35112599 16,17259714 1,66787
13,88985952 7,332707523 5,34637
13,73718554 14,95722463 -3,10357
-12,09957228 22,93436962 5,0021
1,007574972 -12,37219849 3,39648
9,411250947 -7,790637552 -3,36914
3,590601702 -13,73940875 7,52853
7,392467184 -13,29614551 6,49079
-22,64905873 26,35846732 3,97601
-13,59507143 19,97201262 3,29873
19,58457661 9,529432173 -2,80277
18,1491908 13,17239273 5,70633
9,227584992 -10,94250113 -5,28838
-9,96280004 18,22961686 1,36121
5,817995353 -12,89852152 -0,73186
14,33808961 9,874280113 -4,47244
-9,633416333 17,32417496 4,44701
6,528988516 -11,31777073 -4,489
-11,18921133 24,24143786 -1,84465
-5,342306626 21,49330422 -4,47584
15,42408367 6,830980166 -2,91769
13,47615515 8,031284421 -1,59635
-10,24150836 19,17307293 3,69837
15,51467193 15,44337272 -6,25404
-8,37056797 24,74877971 7,34879
17,20880686 6,937342083 -7,44932
13,45345723 13,40797506 -9,24141
2,646695226 -13,84847732 1,96211
-12,25142262 23,45108986 6,04695
15,83977423 10,46870501 -2,47725
3,383292541 -12,22577406 1,2775
-6,978331115 23,91081398 5,07917
5,468148375 -9,229826351 -3,37031
-7,604293422 24,62568791 4,34513
17,46496769 14,5276476 -2,27115
9,967218972 -11,10585549 7,61142
4,036100349 -11,96100469 4,15735
3,621971036 -14,39785418 -1,10911
-9,868164406 21,87693419 -3,67748
-13,69947696 21,07017973 -8,18806
-5,097030582 23,3279997 -1,87365
16,47720989 14,89385197 -5,991
3,990935474 -6,324554884 -0,44007
1,735964392 -13,20084823 5,63733
-7,540443622 19,0964463 -8,30373
-7,47002058 18,30860306 1,34046
5,090253065 -12,31634453 6,546
-9,709635682 19,31245209 -3,96529
6,316119352 -11,31931125 7,42786
7,259238543 -15,20888916 0,03611
12,20981551 8,41850921 -2,97338
7,024104981 -6,531923066 -6,68178
-12,96053228 21,80465512 3,53121
12,31372566 12,08099396 -1,62479
10,08551905 -9,83508121 7,82456
4,387806723 -12,94665997 -4,02877
-13,29543813 21,94419257 -5,96435
18,32025031 14,65602867 -1,90444
19,06961544 12,41001368 -8,79764
-10,17814581 18,14641554 -0,50138
3,688140901 -6,976415038 -9,80867
-12,32286395 20,58010809 5,34044
1,518874036 -8,81963219 -3,31838
14,9145404 7,501514047 -5,00351
1,907440191 -13,36291404 -7,04364
-9,260370714 22,14028318 -0,46593
-13,1744871 22,65911765 5,71248
2,204304689 -9,038903935 -9,59436
16,36639897 15,10542214 8,24547
-9,938828663 24,81732975 -6,4246
16,37452273 10,04340497 8,31152
15,48253938 6,609010525 -5,61547
2,454694993 -9,894371861 -6,85339
-12,25624534 24,05804314 4,73612
-11,18201225 22,17336901 -0,56092
-7,194266448 20,60263379 6,78118
-8,355671952 25,51898994 3,84189
6,145883145 -13,44248575 -5,41997
-7,241796361 23,88286327 -0,6653
-8,160677525 25,39477154 3,67394
-7,080283808 22,6055444 -4,97059
8,984785063 -12,7012008 -9,03422
-10,82991175 17,26588947 6,12591
1,285094543 -9,893428742 -7,71064
-10,92478456 22,57255252 -5,36559
-6,596781028 19,1407313 -9,40791
15,17391189 15,22575934 -4,22973
19,93471033 9,592687885 -9,15276
17,44080785 12,04845445 1,71638
-12,57216409 21,78808892 2,44226
-14,07977155 21,68265903 6,84589
-11,95604899 17,28875271 8,00196
-11,01113568 22,95635028 2,9995
-7,191179818 22,77777009 6,03072
4,012774021 -6,505702699 6,78
15,04909034 8,050746571 0,35186
20,23433686 9,478601789 -5,46845
18,66808381 12,92132149 -6,95723
5,644749218 -8,48599992 -9,94827
-8,548880099 17,81943659 2,13874
4,71038532 -12,29738751 -4,68885
12,44599477 8,99129735 2,53308
14,19990479 11,02230396 -5,83059
3,423825529 -11,41586049 -0,67924
-8,602614732 16,38847951 3,68379
-7,116095731 20,30689246 6,29196
15,12793855 8,45892609 -6,18536
-6,502700957 20,19878032 -0,27979
-8,423805262 23,07945708 -7,30726
5,81711435 -10,17334199 4,45726
-8,235318782 17,07562128 -8,80971
-6,931680487 16,88910019 3,55494
7,182423662 -13,47295263 -6,27519
12,01034675 11,06318126 -7,46486
4,598056589 -11,05148982 -3,03944
7,04718614 -14,58837956 8,51674
-7,308699775 23,55998071 4,86325
6,038600826 -13,62399014 4,9091
9,562653306 -13,8319912 7,71386
2,401135068 -7,386101852 -5,61984
6,36576766 -10,08460777 3,17998
-8,059021603 20,40680915 -6,73551
-13,57266685 21,63772272 -2,22975
10,0993378 -9,47263263 -2,47491
-32,58927876 -22,55978734 -6,57731
-5,660551578 21,17703012 -2,60373
-9,864715636 22,74306564 -9,66206
16,82467271 12,43689488 2,74437
1,824459125 -13,30327558 0,96748
6,098096663 -15,79931906 -6,87631
-10,99204024 -11,9009936 3,28062
-13,76944811 21,93258397 0,28977
5,390563766 -7,284282546 -2,44971
2,594642559 -14,46961337 3,20799
17,38127916 12,06100332 -3,31596
-8,776068008 23,65747203 -7,34697
-12,38839138 17,61489872 -7,62289
16,16364016 10,0219523 -4,19055
18,58340653 8,676171505 6,23998
2,634858234 -6,854349507 -5,80731
-8,849151973 24,552901 -8,77027
-8,403338732 21,18772587 3,48123
7,288654939 -11,94912936 7,60509
-14,2059287 20,07869743 -1,56712
17,05581897 14,49478689 -6,34439
7,504507351 -10,06850246 5,23372
-11,63710743 17,57607171 0,44404
-9,237266405 22,75225147 -1,88457
10,81008851 12,06529707 -1,1688
5,850484691 -6,308315102 -9,73506
3,944610562 -12,03409435 -7,44474
-8,2464356 23,10504874 -0,29201
7,224399504 -7,162286031 -3,89118
15,3709235 12,70017086 2,22284
12,83175488 14,73613318 -1,00621
5,68189622 -6,482684071 -8,92399
-7,838814299 21,74510345 1,60287
-8,510687683 25,29157674 -5,32788
-6,216393194 18,87084008 -6,70682
-11,57377682 24,56483946 -1,75134
3,133543869 -14,81190582 -2,00779
16,92508932 8,295604625 3,39234
13,85335003 13,30941665 -5,61352
11,02795831 12,29594915 5,13311
-10,43302878 18,52564694 -0,85763
-13,51701518 22,57914621 3,63806
1,817128644 -10,70357279 -2,62669
-13,15316037 20,71412638 0,65648
5,588905556 -12,6972389 -9,68773
3,943192595 -10,38955232 6,22121
2,983584855 -8,44227508 4,65985
2,340232493 -14,33818589 4,2841
-13,17300236 19,58569044 -2,84739
5,050249527 -15,78635241 -2,38814
6,552669914 -8,510128264 0,47533
15,58349805 12,35043797 -7,95492
5,885146293 -10,04390848 -9,27825
14,96824753 6,276769953 -5,46738
6,703082195 -11,22458786 3,4887
8,436392313 -11,571167 3,36246
-14,21743038 19,78126206 -0,45111
3,028677849 -14,60350009 -1,66868
-5,085405472 18,43541694 6,8986
2,069759443 -11,10589854 -8,68798
15,12913881 10,0445792 -5,21438
14,11550855 7,751874739 2,25799
-9,422752062 17,2560594 0,16664
17,81408092 7,646113576 -5,97794
12,36440609 7,652884368 -9,5105
3,242856631 -14,98120847 -2,86958
9,56763859 -12,19369221 -9,19477
-11,95491964 20,64997221 7,62407
19,42410143 12,95513349 -4,18523
17,32943986 8,765988225 4,83621
12,95598423 6,867230584 -4,12194
19,28972375 9,937166022 1,99545
-5,590097643 23,19885422 -1,78389
12,9499524 14,66621703 -3,78752
-11,85950208 18,30009238 -5,54728
15,70030701 13,56263101 -0,18759
19,5116372 9,992311363 -4,39528
17,32208939 6,364871259 8,88797
15,60134278 8,903941489 6,63659
18,38798235 7,732184137 -2,20916
2,871305418 -11,34180743 -2,35568
14,51719195 12,48162146 4,19953
13,39123311 9,080982048 -0,06845
3,412277407 -10,91736429 8,17277
-12,35297268 23,67419027 -4,17954
12,27761097 11,83696536 3,23278
-11,9526534 25,01198258 4,4713
19,34391221 12,27741091 0,65724
15,52040466 9,298395387 -1,03444
7,426547492 -13,63059992 6,14472
7,267797993 -13,77865241 6,40002
-8,335396713 24,30676491 -6,20602
16,95969216 8,61238237 2,34205
5,155861753 -14,54330349 1,87681
-8,19297911 19,27013856 -3,60516
8,387937693 -13,19411797 2,55129
2,105179493 -9,964722419 -1,26931
17,54380426 13,86871845 7,86652
16,4359243 8,365909279 -7,08806
9,17959553 -10,58341684 5,04814
13,51423381 10,77183355 7,58105
2,589518319 -9,278277618 -8,27221
18,02828105 14,41621956 -1,50377
14,92376238 11,78723792 -8,64428
19,00477106 8,832386446 6,8879
-13,04331487 20,16382744 -5,25145
-9,759060411 19,81763405 -6,44361
19,44021266 12,32745067 -3,91874
-12,84785443 19,61296496 -3,35021
4,694226281 -6,294292419 -0,19122
19,81465555 11,60369326 7,74961
15,79076658 14,24042468 -6,93811
-12,08134448 24,67068112 5,19671
8,189855834 -8,329445043 -0,35235
5,793042255 -11,45291663 -5,37137
-10,29358316 25,20257765 -1,62162
-8,629086252 21,98951858 -2,06557
4,065932454 -11,13786429 8,93414
17,14372618 9,401337219 -4,46962
13,03951335 11,13767679 -8,5807
11,15353724 9,84736463 8,59183
14,19805127 14,81651481 1,41342
-11,2789846 16,36069755 7,30417
14,8445205 14,62887868 -9,84811
-10,33828022 16,59307929 -7,21402
6,742462485 2,975777598 -4,16238
-10,68412347 18,90750561 3,91904
5,857327886 -12,33709127 -6,07259
7,000554008 -11,42342978 8,1577
-17,94855099 22,87565641 7,45467
15,05558457 7,18400725 3,84727
-13,22162575 18,51253987 7,98516
3,367997998 -9,860088201 7,90039
-12,02375265 18,10166572 -3,56403
19,81995113 9,364393752 8,83846
-12,82056008 17,8605655 8,69269
-7,764013897 18,2681352 3,84635
19,39763422 11,14147514 -2,87605
-12,6366815 21,82540449 3,75575
16,96469669 8,770086813 -9,28887
13,5533084 14,83065481 -1,70578
9,328245954 -12,31509033 4,61844
-8,462443221 23,9734043 2,47407
10,67861833 11,00049746 7,1265
18,41571815 9,063972481 2,76854
-9,337088766 23,93470379 -0,69769
11,08111129 12,52928537 -6,05657
7,188884733 -7,258166819 -8,73445
4,598800285 -8,910791256 -6,04722
-12,49582728 18,9988639 -2,42195
1,729701028 -9,457647042 -1,35035
8,097364036 -14,85414429 -7,45721
7,797979456 -8,840110431 1,10881
19,911449 11,6019717 -4,95499
13,10849804 12,15866796 -1,2459
-10,04119417 25,66909943 4,48662
-9,86715796 21,83782656 -5,19589
3,51409562 -14,15118346 6,2043
-12,60879628 22,88440111 -0,60801
-10,77982261 22,36363671 -3,6175
-10,7998001 22,06498883 -2,8688
-11,22909426 20,80717733 -4,77303
13,52013709 8,394269717 -9,56155
-11,3587318 -27,80805359 -3,50109
5,254005533 -6,208247036 1,54297
4,868893094 -12,56688218 -4,35025
15,96942529 8,571869607 -6,94147
-8,16871252 24,4314913 -2,65338
19,78075605 13,27276683 -2,02011
-7,025292811 19,84653119 1,76005
-9,730472569 24,85243764 2,92442
-14,09543303 21,05741684 3,18209
13,43933159 11,0938832 -6,83273
-10,51176251 17,68474983 5,89871
3,188705985 -7,166585726 -4,25042
8,820964069 -11,54728249 -3,79212
13,65058158 7,973499715 -1,51187
15,83152784 6,864786094 0,92659
-6,25955159 20,20621518 0,24648
6,267951977 -14,89623041 -8,19111
1,533811201 -12,41311534 7,92667
14,68443119 14,052648 0,64815
4,184799624 -10,36809002 -2,06378
2,21179201 -7,702024539 -9,47938
15,32879296 12,91797191 -4,19242
-5,779592825 22,74305741 6,04028
-12,9841266 22,80195259 -9,42326
15,9137682 15,62626878 3,6823
-5,585155665 22,85551238 -7,72276
-12,21227426 20,28839581 8,52101
12,18222024 9,918685687 -2,3171
-12,52778743 24,27419339 7,2202
4,066656983 -8,10869261 7,14113
4,239212075 -9,747403221 3,41354
4,095289198 -6,478081354 -9,07401
1,098743945 -10,53042872 8,28038
17,36271928 11,24840865 2,3571
9,692015587 -11,53197265 -2,79016
12,08494445 8,537804315 -2,44859
2,407712656 -7,160504488 4,82944
19,49485502 8,895140398 -4,34143
12,08144174 11,54184897 -5,13664
-8,660705148 16,7632657 4,00407
6,545650179 -9,006542061 3,89451
15,39961967 6,014691235 2,4266
-11,6729133 22,25022834 -7,26875
-5,188664376 21,74050995 -7,57977
-13,67804035 18,58976472 7,84235
-6,398940185 23,3748122 7,33752
12,95438266 14,63002248 -2,06838
-6,458365987 16,96844545 -2,7364
16,00003698 7,666857845 -8,6606
18,62480963 10,95900958 -5,52635
9,090469058 -12,03339268 -9,11542
-9,487384994 15,93986437 6,21921
-9,628862078 18,63356842 5,43226
3,17683082 -7,67795427 -9,22159
6,992748033 -10,04156679 -7,69361
19,33346059 7,876221964 8,10673
5,104552459 -6,092383075 -2,05283
15,22952496 5,839808195 -2,59133
17,59437768 13,94447775 0,18775
16,79159494 8,921623033 8,67589
9,94679371 -11,48438131 -9,78457
19,27742038 13,8407156 -4,55259
1,784389738 -13,84241733 6,21746
-8,094553008 18,39177782 3,41047
17,16933406 7,905214796 -8,18462
-4,835128438 21,4111293 4,94316
-5,423733649 20,08717846 7,58527
-10,80659488 23,95622213 -3,2823
3,548264508 -15,34436324 3,85006
14,70477768 6,651692717 1,36137
5,723267579 -9,245351682 7,18263
13,58117961 14,52896498 5,83095
12,41327729 10,10241578 -8,86441
-14,04332373 19,40344071 -3,37309
-9,100660824 19,55051526 0,7297
-5,260906133 20,28588521 5,0733
4,117819469 -14,71422057 5,94769
14,08266214 7,304940137 -0,28309
-6,320069347 23,14407859 2,34431
3,462373158 -13,6256154 4,68274
11,25846608 12,87971414 -3,13627
3,856452161 -14,12385852 4,15802
-10,1565134 25,3771148 -1,75523
-10,61733579 20,87210512 -5,95464
-7,372626036 24,93540513 -6,87061
-10,94658109 20,95627933 -9,74539
10,40515105 -9,870798911 -2,83878
15,22161246 15,616805 0,02117
7,018030548 -6,860158965 3,53095
-7,516486702 22,74335951 -5,02182
9,143675671 -13,84182112 -7,44747
16,31538575 7,172055873 -8,38711
9,177965327 -13,61369455 -9,24606
16,08017117 14,22571365 -8,75789
-26,97715682 -4,853510417 -8,22997
13,58926372 6,908914915 1,25673
7,38721343 -8,264788556 -8,11575
-10,93810753 16,79590683 -6,93531
8,822525239 -13,18955753 -9,1198
18,53989238 10,53779715 1,91181
3,454569567 -15,07539915 -0,79918
-4,919315436 21,47758655 0,99365
19,08919511 11,94863514 -7,61181
19,20734725 8,607375226 3,71481
6,616906594 -9,008053406 -8,99522
2,803122279 -12,77415406 5,63737
8,763112018 -10,44270536 5,13952
2,795097402 -7,627587703 0,62926
22,11550754 17,93121319 -4,89744
17,61514223 14,50211185 -7,05341
13,93405442 7,442286415 -5,28287
-12,20389278 23,25466013 -2,88613
-12,41932453 17,89418962 -7,04177
16,44286602 10,33617323 -0,23327
-12,62571736 21,50207162 -8,4739
11,55079376 9,274795402 8,72789
17,16998334 6,508623168 5,38171
0,757814143 -12,02598763 6,30671
-8,016167295 17,91036919 -0,52611
-49,08026673 19,425258 -9,9856
-7,635177288 19,33881172 -7,53856
13,33943208 8,333474447 8,11198
-6,650980043 17,88321832 4,80147
-7,061582063 23,47833862 -8,55994
38,29919895 0,047672252 -3,24333
8,460839433 -14,60416196 8,41063
5,860875903 -13,14508846 -0,06506
-7,171534079 21,81681826 3,59622
-7,367184306 16,51246086 -0,53435
4,813093416 -12,95344711 -2,12486
7,444412444 -10,16259811 3,67981
-9,617018656 19,36610872 -5,9603
16,96556121 12,37778814 8,70834
14,36942983 11,30129926 -0,56621
5,233057124 -11,40034541 0,2291
-7,695237768 25,21209506 -2,67369
12,22128354 7,916415 -0,62687
-10,46754252 23,25432303 3,9432
2,220520665 -11,15784145 6,40855
-10,82615287 19,56589975 -3,4274
7,021494935 -10,92584057 4,94851
7,507810623 -8,012242353 -2,08488
11,30728443 12,64635851 -0,60869
-10,95457326 21,03430281 -6,04067
14,63593739 13,45013023 -5,90497
-12,75335719 24,35060476 -1,78917
-12,61978912 18,82929351 -2,5921
-12,24109718 21,21619763 -9,98361
1,203496788 -10,33152631 3,09818
3,001283666 -14,65633297 -7,08446
8,804792445 -12,31298892 3,04748
27,43263873 -21,88367683 5,33712
-11,735408 20,61167971 8,36018
6,607738471 -8,136977698 7,86149
-9,062183954 23,76806441 4,65327
-11,70679381 22,69743284 4,82752
4,53340637 -14,99626946 -7,82354
-12,99997866 19,11097024 8,4369
19,50094854 11,10212378 2,08749
-11,53069681 18,76641442 -2,26989
3,477919011 -11,52253504 -3,35127
5,18771176 -14,17482543 -8,35717
8,07981086 -13,81348908 8,61462
3,331212083 -9,170206452 -2,49743
-10,67129544 22,65560029 -4,74583
-13,46886745 22,76096777 -2,94166
-5,701973748 21,03390892 -5,05796
17,27153244 14,17792909 -3,06245
-11,78093503 21,59859599 -4,84458
11,9854766 9,798979645 -7,37804
0,921229353 -11,93656206 1,12816
14,92183782 12,57178905 -8,3709
14,116116 6,725519303 0,03632
8,910943272 -14,49506026 -1,39922
11,0515035 9,783136748 -8,96427
-10,75357293 24,70570623 -7,03038
-13,90409963 21,21225433 4,3415
15,51171652 9,199259584 -5,86813
-8,089785387 16,76159361 -9,44792
2,610855212 -9,525445557 -2,93045
-7,553576668 18,86193786 6,53094
-40,44638691 4,054983204 -2,66903
7,189344897 -8,44955687 -1,01757
-10,94321313 20,08624247 -8,91117
-5,791499406 23,33092514 -3,01824
3,101957414 -7,015640058 -7,02493
10,98209619 11,94794938 -0,22837
2,868589947 -12,80452347 -1,49341
12,64004431 7,44446498 5,77454
-5,724154965 19,48737697 -7,62032
13,37469321 8,706029596 2,64102
10,82057331 10,03003036 -1,23673
18,62858397 7,946686777 5,73811
-5,900270876 22,53268067 -0,52377
-7,384884492 21,0639806 -7,01438
13,31850583 8,872795314 -6,80773
9,20324337 -9,63497573 -8,49535
16,72023185 6,103664179 -0,29562
6,705900321 -15,61673597 -4,98168
-9,577113274 18,44266732 2,99049
12,40520204 8,523047059 -7,29983
-10,22656629 20,37747104 7,6776
9,201488226 -11,16719098 -8,09979
1,658618941 -13,62930139 5,69925
15,20018246 15,09927312 -3,76513
16,07475724 8,689592317 -6,09594
-6,464149295 19,71161667 -3,91037
1,225955226 -8,793165613 -2,80065
12,75262146 11,92473107 -8,89697
-8,277965838 25,14900227 -9,90725
17,22341804 13,66180345 -2,30014
-4,767811487 21,28783918 -7,26229
15,18614248 12,29501641 0,88096
17,12934618 9,139013678 -5,15685
-6,888758741 21,82393482 -5,35611
18,670905 10,21163386 0,8978
17,16324004 10,5798144 1,13165
4,136584577 -14,28403084 4,1995
-8,816380128 18,60671333 -2,73181
-11,30887216 24,55090936 0,58488
20,2728496 12,62198058 -5,99544
-5,916714197 23,61455982 -5,37743
-10,69563314 19,63557333 -4,93194
16,88406433 6,020840044 -5,09482
2,296020608 -12,13666956 6,53652
15,98561888 13,21564763 3,63115
4,727359197 -13,29656823 1,92489
5,295218796 -13,4923476 -0,79799
19,493945 13,21185464 -0,67049
-12,44613109 22,80142228 -2,22668
-11,75590746 24,60912463 4,57159
16,57436394 14,45062563 -5,53945
-6,046769526 17,34869505 -4,6426
3,230224351 -12,04744539 -3,55718
17,74359932 7,878254527 -6,36281
2,915764751 -8,693251321 6,97706
-11,64323058 23,16068104 -2,16332
1,97207135 -13,18892254 -7,49363
16,6252041 14,76460918 6,25606
3,66187647 -13,99599655 4,11172
3,066808582 -8,096504078 -2,1254
-5,959589948 21,69511157 0,53551
3,164834776 -7,676510903 -7,74731
-30,24314709 27,03823588 4,72111
18,34907082 12,85475854 4,18391
11,57370252 12,65516253 -9,42696
-16,89306149 -12,66029845 7,73225
15,30949395 12,52651446 -7,17271
15,88555625 15,21690122 -6,27249
-12,4711548 17,53263643 -1,76832
-6,211824652 22,70249591 8,70328
-7,810226768 21,40908844 1,5577
-6,574234079 23,25970548 -1,96867
1,892202144 -10,21569285 -5,28389
-13,10850813 21,62136828 1,40994
1,788402827 -12,04545951 5,48822
14,92682523 14,08500907 -1,19193
11,86144078 11,14276355 -5,92467
4,290687213 -12,75169145 -9,73028
3,175608011 -7,870970871 -2,38922
14,71570448 10,51785043 -5,69674
18,28189983 6,776810905 -9,19778
6,22921806 -12,27485287 -5,61433
-8,730867374 25,0535412 -8,14346
17,4453321 8,07125493 -0,4561
-9,129232001 19,72864718 -6,94754
18,82739986 12,53552808 8,22614
5,296938127 -14,47630632 -0,29783
19,4265734 13,67322211 2,99266
-12,11601708 20,28551947 -4,8122
17,71469476 9,675491924 -4,33799
13,32834153 7,33261853 6,21202
16,10246952 11,64757022 -2,53203
-9,437083625 17,26441363 7,50998
15,58144177 12,15456397 -6,236
16,48976491 14,18124078 -9,19057
12,19850708 8,81681105 0,88898
5,473142129 -10,53498958 7,62781
16,84351657 8,299649234 0,89023
11,48767135 9,797273866 7,44146
12,38108163 13,52952047 -1,82658
-13,23862787 21,32640226 -0,12717
5,503517578 -6,332887159 -1,06974
2,090965566 -11,54746124 -0,79387
6,011777251 -9,473264716 -8,55866
-6,52965872 16,77393281 5,83389
16,80686848 14,27647679 -9,43019
-12,39079354 18,68291982 7,68461
-12,28719216 24,12221959 -1,94178
13,20975845 13,39144955 -8,1926
16,15108661 11,55709697 4,30534
17,64137302 10,78615207 -1,11948
7,231527056 -10,47238604 -3,38242
14,98563043 13,96232322 -3,04569
11,45873502 8,353807365 -6,23841
13,51977246 12,80094911 -6,11703
11,91819237 8,421410436 -4,00604
-7,216396238 23,64323795 -9,51546
15,51268677 8,672780411 8,888
14,36679469 13,2988552 2,16199
18,18165155 13,8677148 -9,75588
12,15944739 7,610669971 -9,35469
-7,616713587 24,36448669 3,4937
7,32516984 -9,72558972 7,19208
10,97197221 10,68760043 4,64149
-7,235934649 23,83003203 2,0752
2,23638956 -8,468147247 -6,72487
5,797800251 -9,817642211 -7,13466
-11,83707057 17,84300005 -4,42776
4,33099313 -6,66079019 3,77225
-7,102162933 18,07182107 7,81088
12,50305414 7,463547164 -3,958
5,128973785 -12,7704375 -3,89592
-11,5558575 22,26366399 -7,3232
1,821288729 -9,424398367 0,08123
-5,661481078 22,63173672 -2,51606
-7,044445513 22,44093449 -8,15167
-12,40855479 17,79653948 -5,9908
-8,598421576 17,93968746 -0,72288
-8,81706742 19,19055637 5,72883
-9,610694511 16,66405728 8,47256
8,964746002 -14,02098372 8,63095
4,537388682 -14,88798168 -1,25186
3,518767925 -6,965919108 -8,68828
17,63975082 9,528341315 -4,20148
1,483556264 -8,861556021 0,03941
-10,7232143 16,65234956 -4,56757
-10,60826089 20,99772474 -6,82498
17,25859837 11,57501561 -7,83539
13,2098512 12,34347274 -0,05484
17,81041406 13,5823655 -2,27545
6,644789922 -11,07685664 -1,47479
-7,625212915 21,16651858 0,85048
13,11348119 14,75568471 -1,18508
5,826877047 -6,356328824 0,71206
5,71052229 -9,235981053 -1,47894
17,62006542 12,36821057 5,82328
14,05355401 10,10276049 5,33698
-7,715709192 19,34854675 -8,0054
16,35324018 6,318674593 6,09624
-8,653088198 22,51375244 -0,31797
8,510293653 -9,477329541 7,73801
-11,5452572 20,03606252 -1,02785
-8,012487792 21,79693215 8,35288
-8,476450582 23,97336313 -4,21622
-7,07906076 20,06588636 -5,21571
16,83723821 6,058820797 6,94262
11,888991 8,517251426 -0,87734
11,19552031 12,01613524 8,41834
-6,648675045 23,50044269 -4,31475
-5,74141029 -25,00658319 -8,88896
4,200746407 -11,24017286 -1,72458
-10,27221724 16,85018211 -0,21018
-13,49619742 18,457569 5,59849
15,62053888 11,39804481 8,55549
3,150706986 -15,21276748 -6,11259
5,506632487 -9,72733086 -3,96415
3,602889502 -11,7073351 6,76215
-7,991682047 22,74542573 -9,4234
5,961522181 -9,402562042 -4,77657
9,737131332 -9,182230717 -1,56177
15,24993315 10,81220511 7,6885
2,880657525 -8,471728929 -6,59006
-7,755745968 19,03575805 -8,05405
10,12219426 -9,408094084 5,70816
-13,45490093 20,58504611 -9,03257
18,54102255 9,90021678 2,53903
16,92684763 7,942557612 8,14413
-8,312768517 15,92416785 -2,53945
-7,627908786 23,58289406 1,16793
-10,80419005 20,04867439 7,17241
14,13694716 11,10559425 7,1931
14,09573909 8,283535875 -7,14771
-8,623848791 23,09568061 2,46548
6,880637645 -8,329545824 8,46041
13,14962865 8,865802484 0,37164
9,420042599 -9,369677906 -7,59348
18,20511869 12,42322345 -7,09916
25,39687551 -19,37206046 7,7379
15,11820252 14,53108048 2,88108
11,42851476 12,83487201 -8,68141
-5,883688679 22,54365552 -8,64213
6,482990382 -9,621156435 -6,58541
-12,30835429 23,41180418 8,32633
-11,02239108 21,77083488 -1,53806
12,94027488 8,826401519 2,23134
8,454603479 -10,40568432 7,16169
-7,789259621 22,61709781 8,01573
4,145171107 -15,18503769 -4,92401
19,40953839 9,14188426 1,27414
15,5380909 12,08591379 3,20079
7,519710917 -6,549373886 -9,19531
-5,701309662 21,10727473 -9,46303
1,895618749 -13,02260519 2,68316
7,400358702 -12,18665147 -9,84165
-7,713420925 -20,56855141 4,8155
5,485261674 -12,60529251 -8,30566
-5,459272139 18,73527239 1,56504
18,99232206 8,307743269 -4,00846
0,746526597 -9,633290046 -5,52993
19,73482828 8,538545382 -3,38257
18,16009094 10,34749338 7,84739
1,735613279 -26,55982142 -8,25939
-13,75202834 22,58651731 -7,17055
1,258206773 -9,865064711 1,10819
-9,928786094 17,85129468 6,56436
-4,48074212 21,21550696 -3,90599
15,51532278 15,68986321 -4,9823
-11,01825114 17,07398729 8,80375
11,0108946 11,63101769 4,36688
16,35878143 7,129405176 -0,11663
-16,30319741 -26,69199567 3,15956
-10,9482195 23,69439877 8,57709
-7,086590003 22,74003554 4,39269
-13,0562518 21,11993019 0,75332
-11,52294377 17,56498651 -9,41171
-11,07642503 16,65839449 6,65469
15,48112572 12,36654309 -5,02989
7,953508024 -10,25109457 -0,13463
-5,733766742 18,9492307 0,18019
-5,448739625 19,14358497 -7,71163
47,08979906 -16,84770022 1,7141
-9,005702544 21,45755966 -9,54066
5,942919146 -7,127973131 -4,46681
15,9995152 14,10646721 -9,25531
-8,676458063 16,00045361 5,2828
11,68608125 8,549699722 -4,86185
46,27098288 27,01185298 4,52336
13,62711954 10,95140009 7,86928
4,835376594 -13,81181571 -8,89554
30,69669054 -25,30725929 -6,61926
-6,481064318 17,77639633 -0,31285
2,983833192 -11,28036394 -5,30012
-7,211104349 17,27501209 -2,07139
14,98134501 9,978060565 8,00695
-7,364569755 20,970595 0,82125
-4,815115362 22,46319573 -9,99901
-7,396812199 22,71697959 -7,06998
-9,43324841 18,5504975 -5,17976
2,30839155 -11,24058374 -7,47003
-9,709819738 18,2167258 3,35426
20,02293667 13,15015743 2,20071
-8,87003979 21,0751221 -0,396
-6,873868067 21,945631 8,61276
15,32905245 14,55359813 -0,7673
-9,972123522 23,57433322 0,18033
-11,91209105 19,11642805 -2,796
18,0492077 12,73769655 -9,15507
18,35190784 13,93263796 2,68278
12,39976076 9,008360005 8,51384
16,07476195 10,07030778 1,3058
-13,18269364 21,64127575 -2,77378
6,486944387 -12,97547663 2,383
-9,617354546 17,72878963 5,17002
-12,48260035 23,43654242 -4,9046
-13,35857388 22,1019362 4,56504
-13,10222822 19,78751843 3,04734
8,037489267 -14,68125135 -5,89829
2,295589795 -12,28451375 -2,30878
8,678778565 -13,12838927 3,38677
-7,706187516 24,43101057 5,54385
-35,49020768 -16,10936689 -4,93677
-12,67871309 21,14104603 -2,77544
6,242997362 -12,37195482 6,02341
3,610432165 -12,21211795 -7,93378
7,931604061 -14,992592 -9,92597
-7,484419944 24,7275146 -5,71844
8,001142873 -11,83226635 5,65123
-12,82812835 22,72505469 -5,78789
17,02274423 11,78268035 -5,99607
-9,09629092 22,82123218 -3,82752
11,47040788 12,35886922 -5,96958
-13,7951198 21,94588481 7,75193
15,3641844 13,84872889 2,55249
12,8798905 6,996078639 4,1093
9,700750086 -13,60312433 -8,11533
10,26805634 -10,52887393 -1,64034
-11,52157776 23,21533911 -4,633
19,17301046 11,4732983 -7,77584
-8,274826474 23,4546207 -8,77519
-10,96970708 22,20123061 -6,68685
6,719275357 -9,268206983 -2,74796
17,97676954 14,36184703 6,89827
5,018519521 -13,17428857 -4,47767
4,576727922 -7,822566502 6,98658
17,8814733 6,987516059 4,82448
-12,68193842 19,8039159 6,89694
7,689515918 -11,99906863 -3,58001
13,20467399 12,30335537 -0,52697
-5,775920251 21,25735554 2,77984
2,596854659 -14,81172658 1,05265
11,14210723 8,67134763 8,25511
15,56421317 8,554655519 -6,65011
1,937531438 -13,18238 -1,04956
5,36119758 -14,43769118 2,89668
5,867054232 -10,14260705 -6,36115
-13,41633149 21,05174852 -5,19429
15,00967822 15,01115242 -9,05109
15,84448194 11,31247267 -5,56015
18,74725589 10,29229725 -1,79543
15,25674965 13,82173993 5,18449
27,30946789 -14,26130864 -3,18976
-4,889720892 20,80978535 7,92588
-9,014634751 21,29963561 6,0727
7,7081431 -12,38398741 -9,27247
15,22865877 8,144603131 2,54661
5,054501412 -6,788359724 0,69966
17,85991404 14,13742371 -8,78327
-6,865741627 21,43884405 4,58446
12,29654879 12,79952219 0,6841
16,6009607 12,52067579 -5,05524
15,55447549 9,444775239 -1,72134
-13,25661519 23,36457552 -4,33774
-5,348733877 18,79685085 0,2649
12,00051111 12,43929784 -8,23158
16,85841173 14,25383986 -5,20977
7,679130267 -6,856589199 -8,62845
-9,388069689 21,92985722 -9,34079
13,0778882 13,37070267 -5,50368
-5,215661547 23,39572662 3,76037
14,52487277 7,213692325 7,63539
2,619524376 -12,99518729 -4,6908
-13,13598579 22,27311737 3,68603
4,685982481 -6,449966162 8,21559
-8,415549244 18,2322086 -4,27146
-6,921858565 16,57411509 -4,57443
13,34189728 8,207494678 0,25914
-4,915572092 20,10961684 -3,0668
18,2027004 10,61025355 -3,42069
11,34325772 12,1914817 -0,40683
18,31235746 13,45294624 -7,45741
4,147776589 -6,134775257 -6,54731
-7,150801907 16,77036542 -4,5627
-10,29131009 17,30218014 7,64138
4,840026883 -10,38281615 -9,38967
8,382504978 -13,84158704 1,07475
14,2523425 12,14329375 -9,90513
17,94577572 7,552365812 1,96734
5,138054487 -6,253238742 1,14653
6,360678532 -8,457270192 0,85619
11,93908146 8,872398926 3,44986
16,55268449 9,281596365 -1,18944
-5,970059905 18,92707345 -9,89836
15,35980497 13,26836643 -5,83585
-12,91492779 20,74297625 6,00149
-5,590535745 23,24693968 -2,24079
4,500414526 -9,071876761 8,88586
-5,274579214 21,23779541 4,71951
14,32804542 11,62820336 -7,68504
14,87821578 11,89106806 -1,93349
18,5482733 9,09979224 -0,65886
16,54028996 15,65823703 -5,51763
17,58833858 14,52599483 -1,72017
11,46033265 9,686687657 0,11006
6,447104178 -6,856406813 -1,35247
-10,45705851 22,3937758 2,807
13,56516309 6,910986915 4,0069
14,16142736 7,869570686 7,46919
4,456570267 -11,90830376 -5,04253
8,21781735 -12,63917026 -2,92725
16,69821726 8,904835101 -7,57624
3,965854829 -10,53383345 -5,22282
15,52313817 15,24910578 4,88418
14,17862071 6,335409044 2,40591
26,81432867 -15,38045859 2,70679
-10,40770982 22,67424184 0,61006
4,464790123 -14,18136352 3,56363
-6,711681497 23,30436783 -8,16645
-12,46876017 21,49893596 4,24936
-9,056279531 20,24388328 4,55159
-5,467243119 18,75491796 -9,20689
1,023924332 -11,16637871 5,04516
-8,071107347 16,19228018 1,27323
-7,630210464 24,63478695 -5,41095
1,280242433 -12,08346906 4,44611
18,60396342 12,87734947 1,71079
5,904219176 -7,427500631 -0,70452
-10,10542104 19,25612426 -6,46753
15,66351478 8,348889845 -4,04398
-5,439741919 18,70201879 1,99196
3,731968818 -11,50939919 2,15213
6,684743619 -10,08597816 -3,80037
14,45466314 9,662974077 1,64499
9,105861469 -8,323923736 -9,91286
14,60597546 7,017396216 -1,64831
-10,54745076 19,03615194 -2,89338
7,299673271 -10,6066374 -2,60358
-10,68302417 17,1703407 -7,9635
17,66939182 12,93203485 6,14446
9,54868225 -11,83505867 -4,98643
-4,218779819 10,04819852 -7,60745
1,575136104 -9,08391026 -9,98043
-7,728208672 18,24038327 -2,02811
-12,29283115 17,13262352 -4,28541
17,41470755 8,043715313 3,17375
6,5987636 -10,57676443 -7,85516
-4,709743966 20,12122446 -2,51725
16,50143052 14,5248204 -5,74276
-7,911988786 25,20389993 -9,22466
0,875449402 -10,62140856 3,76987
2,11250518 -10,44389883 -4,21603
14,27158286 14,94626011 -5,42792
-11,1895841 19,89928574 -8,10046
-4,465730875 20,51808392 8,56207
-6,431771386 23,19756319 5,88415
7,092523421 -6,662670522 -2,89418
-9,068293792 21,73215235 -8,84047
7,04408505 -6,354322666 -0,06363
5,331420793 -14,78135173 4,0805
16,26978612 10,10641725 -6,75698
-11,91645368 24,56314532 -8,4767
19,02689796 14,07563615 0,8141
8,466652548 -8,374677487 -0,79953
16,97749187 14,20071858 -2,74352
-9,635965503 16,56765302 8,08622
3,536452693 -12,54582653 -9,79459
6,620473007 -10,80572735 -9,45855
17,18635297 11,15574604 -1,28797
14,24808521 7,933903782 -8,92311
8,124247605 -8,742799572 5,04177
-8,639541855 20,9849367 -9,16899
26,74689718 8,802218173 -8,80827
13,27957869 7,029801615 -6,55201
-11,72215193 20,71725068 -0,71193
8,029093393 -12,78591354 -5,1057
-8,890189864 21,21054786 4,91273
-10,87866548 18,06408581 8,79564
-10,20107167 21,25055394 -4,24412
8,842984803 -7,197533239 -9,50904
17,55090623 10,59975871 7,10804
11,59515829 10,58985821 3,99447
18,16170379 14,39927082 0,37838
3,691429032 -10,87833241 -9,6456
4,227482685 -6,741435971 -9,35203
-8,740958753 19,26357105 -6,67018
3,043913013 -10,07567704 0,8675
11,32846182 10,85466497 -1,6612
13,64929197 12,37543814 3,83992
16,23199826 8,28065761 5,23996
-6,911624304 24,87694039 1,51397
15,58536308 9,27811677 -5,38333
-6,943986422 20,95495693 1,1767
-10,0866692 16,81120225 -4,39889
4,613944838 -10,18627554 2,11035
-8,626781381 23,70014932 2,1034
-13,14556665 18,44747934 7,94601
-13,42732916 20,65520029 1,14981
16,48273209 15,1322305 -2,13269
1,693936815 -9,166665946 -8,61187
6,50634312 -10,88515521 -6,49443
-6,557434105 21,53292306 -8,32395
16,52963083 7,674298308 -9,49186
3,591063538 -12,31188684 8,95244
6,732750157 -14,31786422 -4,07988
-12,32305391 17,59496037 -7,93138
18,36460972 8,908587777 5,81422
-10,88964839 17,98312655 3,28232
1,503339483 -13,69286141 -6,50961
15,43875839 10,12153225 -0,61563
-6,104296052 22,68287442 -6,8157
11,40248469 12,95277006 -1,9714
-12,02763436 23,09130234 1,77225
1,98445353 -7,700532612 -2,94537
-12,12390901 21,14703531 8,86083
-6,057947031 21,21278985 6,7058
1,895720924 -13,89817438 0,93992
5,929123849 -5,956035241 -0,16643
-6,217182405 22,52687823 3,81406
-14,06960954 19,53571642 -4,67752
-6,956385523 24,32894963 -3,85411
15,1316748 15,57596824 -4,91946
15,35724559 10,69917805 7,50727
19,00830427 9,803025674 8,6579
17,84610017 8,525692895 -1,50044
7,445552698 -13,71834176 -6,5613
18,47599474 11,39511771 -4,6935
14,27287013 13,9922444 -9,79124
3,071862634 -14,08909262 -5,78509
10,35752785 -12,17840941 -3,6111
-7,995980702 16,34628715 2,02425
-8,122336939 23,74690922 -0,15849
17,17682562 8,295775763 3,12035
14,25810043 6,196230447 -4,71936
11,20827873 11,47261364 6,28439
11,81070795 8,271766993 -9,19649
3,330755943 -14,02200908 2,95351
-10,84189579 16,40275446 4,54761
-12,5356944 20,57585175 8,81634
12,3730222 13,37986295 3,68018
-10,12515832 19,7461973 7,71266
15,79724907 8,190319287 -1,13305
18,00637816 8,702340748 -6,13377
-7,565384209 23,87265062 -5,60056
1,623051837 -12,57355843 4,93594
5,13799869 -12,35006252 3,4137
1,848291914 -12,7604963 6,5406
-12,33628959 21,32886998 2,50976
1,906173112 -12,2469405 2,43152
5,520973171 -7,252777594 3,05082
-10,22627795 17,67210457 2,7329
8,804606102 -12,91046904 -7,02927
13,75079261 13,30111409 0,11203
-6,667702243 19,54383683 3,6508
17,37246526 10,8300926 3,50633
-12,12450053 17,6807964 7,11316
5,310142177 -9,360252148 -1,81596
16,50089585 5,899553768 1,03603
-7,748690535 21,93744274 -7,4753
-9,272254515 21,17311017 6,71396
-9,407080664 24,80626664 3,62504
12,72165197 9,824292703 4,73841
14,02688798 9,671343589 4,84356
14,45976902 13,79319395 -1,45056
-4,873388071 19,05402415 -3,44491
5,150272165 -13,40641023 3,78584
8,010928893 -7,152730335 -3,10297
17,67829642 15,29730815 -9,65307
14,48835504 6,135371632 8,33769
15,02574935 15,55579526 -0,69673
10,21407158 -11,30260533 -8,82867
6,389564504 -6,366294967 -8,2776
19,24775466 8,936473043 -8,49123
-9,334460436 24,37947692 4,75403
-6,192844814 21,1042848 -7,71254
-7,33781885 21,56171873 -6,36399
-7,198006217 18,8367575 -6,44399
2,827904178 -14,92481636 4,48311
18,2500723 10,67777288 -5,44052
13,27104639 10,71678568 7,47228
-8,638324341 21,03542918 -6,78765
16,61789603 10,31087959 -9,50438
19,70946316 12,34981051 -5,95562
0,915052445 -9,653829515 -5,32151
-11,91870479 19,75314676 0,67847
13,71454773 7,804543524 -6,43536
-12,07428922 17,97870151 -8,51931
18,8784843 11,38224544 7,2005
13,13056777 8,31942089 5,28673
15,4558571 8,015881909 -8,45979
12,06860043 9,115254411 -9,84393
10,03603199 -9,501295603 8,45254
-12,18602718 16,76393169 -2,26464